19300.59068462302 -2885756
19300.590685730902 -2885963
19300.590686839212 -2886121
19300.590689560486 -2886692
19300.590692942027 -2888224
19300.59069350419 -2888823
19300.590694596838 -2889553
19300.590695705105 -2890488
19300.590698423843 -2892949
19300.590701762165 -2897636
19300.590702768717 -2899370
19300.590703797996 -2901060
19300.59070482734 -2902597
19300.59070755221 -2904942
19300.590710888784 -2906178
19300.59071122088 -2906086
19300.590712328623 -2905818
19300.590713437014 -2905448
19300.590716169838 -2904446
19300.590719527605 -2902619
19300.590720267082 -2902222
19300.590721296354 -2901983
19300.59072232559 -2901235
19300.590725052094 -2898066
19300.59072839692 -2893688
19300.59072895302 -2893004
19300.590730061365 -2892643
19300.590731169712 -2892594
19300.590733918543 -2893308
19300.590737278206 -2893216
19300.590737819803 -2892721
19300.590738927996 -2891963
19300.59074003627 -2891038
19300.59074276471 -2888682
19300.59074621928 -2884346
19300.590747030394 -2883004
19300.590748059607 -2881805
19300.590749088875 -2880856
19300.59075181251 -2879759
19300.590755234804 -2879288
19300.590755552825 -2879138
19300.590756660833 -2878954
19300.590757769303 -2878646
19300.590760495834 -2877701
19300.59076384325 -2875367
19300.59076452912 -2874220
19300.590765558067 -2872733
19300.5907666356 -2871164
19300.59076936802 -2868127
19300.590772732652 -2864884
19300.59077328565 -2864241
19300.59077439369 -2863839
19300.5907755019 -2863579
19300.59077824118 -2863235
19300.590781591633 -2862751
19300.590782151387 -2862597
19300.590783259584 -2862476
19300.59078436794 -2862292
19300.590787190045 -2862146
19300.590790639744 -2861881
19300.5907912928 -2861828
19300.59079232192 -2861726
19300.590793351217 -2861532
19300.590796229593 -2860866
19300.59079968485 -2858947
19300.59080055706 -2858150
19300.590801586375 -2857350
19300.590802615672 -2856586
19300.590805427397 -2854665
19300.59080886258 -2852764
19300.59080985765 -2852022
19300.59081096602 -2851242
19300.590812074304 -2850370
19300.59081491919 -2848616
19300.590818364723 -2846238
19300.590819085406 -2845573
19300.59082011477 -2845573
19300.590821144157 -2845035
19300.590825289746 -2843951
19300.590828744003 -2843676
19300.590829378973 -2843676
19300.5908304083 -2843768
19300.590831437687 -2843759
19300.59083425787 -2843994
19300.590837713564 -2844292
19300.590838673448 -2844446
19300.590839781515 -2844642
19300.59084089001 -2844753
19300.590843739017 -2845008
19300.59084717933 -2845182
19300.590847908228 -2845369
19300.590848937532 -2845645
19300.590849966946 -2846032
19300.590852779653 -2847478
19300.59085571457 -2851164
19300.59085640595 -2852545
19300.590857514228 -2853959
19300.590858622567 -2855284
19300.590861457025 -2857858
19300.590864385067 -2860629
19300.59086540744 -2861055
19300.590866436865 -2861083
19300.590867489074 -2860834
19300.59087029925 -2860400
19300.590873230973 -2860313
19300.590874138925 -2860413
19300.59087524757 -2860607
19300.59087635568 -2860812
19300.590879169005 -2861525
19300.590882149525 -2862527
19300.5908830056 -2862802
19300.590884113957 -2863040
19300.590885222224 -2863326
19300.590888039213 -2863997
19300.590890974305 -2865223
19300.59089187177 -2865567
19300.590892980126 -2865834
19300.590894088393 -2866168
19300.590896923044 -2866952
19300.59089986604 -2868403
19300.590901846135 -2869431
19300.590902954493 -2869966
19300.590905807847 -2871055
19300.59090874124 -2872711
19300.590909671806 -2873332
19300.590910712464 -2873916
19300.590911820822 -2874477
19300.590914646982 -2875674
19300.590917577916 -2877197
19300.590918470625 -2877620
19300.590919578935 -2877906
19300.59092068728 -2878076
19300.59092355087 -2877481
19300.590927297628 -2873074
19300.59092820125 -2871100
19300.590929230533 -2869262
19300.590932123912 -2864871
19300.590935790973 -2862432
19300.59093643619 -2862098
19300.59093746516 -2862011
19300.59093849443 -2862148
19300.590941369468 -2863065
19300.590945025488 -2865214
19300.590945700682 -2866084
19300.590946729964 -2867052
19300.590947759723 -2868056
19300.590950598507 -2870174
19300.590954261934 -2874129
19300.590955044572 -2874878
19300.590956152882 -2875408
19300.59095726125 -2875793
19300.590960123878 -2876283
19300.590963791572 -2876102
19300.590964228984 -2875880
19300.590965257812 -2875688
19300.590966287153 -2875455
19300.590969112858 -2875099
19300.59097275486 -2875139
19300.590973492683 -2875165
19300.590974522027 -2875156
19300.590975551262 -2875190
19300.59097841484 -2875006
19300.590982072394 -2874361
19300.59098275611 -2874083
19300.590983859664 -2873605
19300.590984967384 -2873059
19300.59098779891 -2871455
19300.590991447847 -2867797
19300.590992020832 -2866435
19300.590993049896 -2865133
19300.590994079223 -2863850
19300.59099695082 -2861534
19300.591000614306 -2858484
19300.591001591132 -2858042
19300.59100269933 -2857720
19300.5910055562 -2857163
19300.59100922126 -2856529
19300.591009519154 -2856418
19300.591010548043 -2856338
19300.591011577235 -2856300
19300.59101448536 -2856117
19300.591018126204 -2855091
19300.591018784628 -2854461
19300.591019813994 -2853723
19300.591020843553 -2852962
19300.591023676632 -2851338
19300.59102732133 -2848285
19300.591028188286 -2847573
19300.591029296436 -2847038
19300.591030404743 -2846706
19300.591033267072 -2846512
19300.5910382178 -2847600
19300.591039270348 -2847910
19300.591042095984 -2848613
19300.59104575375 -2849681
19300.591046582824 -2849994
19300.59104761237 -2850374
19300.591048641632 -2850756
19300.59105149473 -2853774
19300.59105523267 -2858792
19300.591055894005 -2860189
19300.59105700168 -2861293
19300.591058109734 -2862037
19300.59106096627 -2862643
19300.591064669097 -2862512
19300.591065116332 -2862509
19300.591066143355 -2862654
19300.591067172594 -2862979
19300.591070023762 -2864068
19300.591073754767 -2866044
19300.59107473205 -2866380
19300.591075840384 -2866612
19300.591078700705 -2866723
19300.591082386967 -2865962
19300.591082618204 -2865225
19300.59108364546 -2864249
19300.591084705924 -2863115
19300.591087577246 -2860640
19300.591091306145 -2858368
19300.591091882117 -2858176
19300.59109291149 -2858368
19300.591093941053 -2858840
19300.59109680123 -2860751
19300.591100500755 -2868044
19300.591101328842 -2870218
19300.591102437105 -2871962
19300.591105400847 -2873339
19300.591109138033 -2869788
19300.591110194513 -2868667
19300.59111130293 -2867672
19300.591114164617 -2865946
19300.591117866228 -2863968
19300.59111864876 -2863392
19300.591119678273 -2862867
19300.591120707675 -2862365
19300.591123576145 -2860953
19300.591127295324 -2859439
19300.59112792574 -2858872
19300.591129033935 -2858240
19300.59113014213 -2857608
19300.591133003876 -2856251
19300.591136703126 -2854081
19300.591137178806 -2853381
19300.59113820772 -2852741
19300.59113923691 -2852149
19300.59114211347 -2851436
19300.591145859955 -2851859
19300.591146764236 -2852259
19300.59114787244 -2852646
19300.591150738263 -2853697
19300.591154436563 -2855287
19300.591154679456 -2855858
19300.591155707694 -2856426
19300.591156738265 -2857006
19300.591159590796 -2858030
19300.591163320692 -2859287
19300.591163943544 -2859482
19300.591164973022 -2859492
19300.591166002487 -2859487
19300.591168873067 -2859561
19300.591172561377 -2860847
19300.591173361747 -2861374
19300.591174469733 -2861871
19300.591175577905 -2862413
19300.59117843868 -2863439
19300.591182174583 -2864573
19300.591182474524 -2864823
19300.591183502755 -2865114
19300.591184532117 -2865316
19300.591187402235 -2865808
19300.591191097174 -2867248
19300.5911922006 -2867677
19300.591193308785 -2868144
19300.591196168818 -2869016
19300.591199898183 -2870310
19300.59120007338 -2870719
19300.59120106611 -2871183
19300.59120217421 -2871718
19300.591205042823 -2872819
19300.591208741585 -2874365
19300.591209238482 -2874931
19300.59121026743 -2875394
19300.591211296876 -2875860
19300.591214172397 -2876944
19300.591217920173 -2879062
19300.59121879853 -2879730
19300.5912199069 -2880409
19300.591222762603 -2881709
19300.591226443772 -2883165
19300.59122673899 -2883529
19300.59122776669 -2883735
19300.591228795984 -2883974
19300.591231648148 -2884279
19300.591236753193 -2884301
19300.591237638982 -2884246
19300.591240556827 -2884178
19300.59124430272 -2884357
19300.591245396365 -2884451
19300.59124650448 -2884547
19300.591249309073 -2884623
19300.591252978713 -2884759
19300.591253502513 -2884899
19300.591254531657 -2885240
19300.591255560994 -2885672
19300.591258392848 -2886817
19300.5912620397 -2890876
19300.591263127626 -2892129
19300.591264235856 -2893366
19300.59126710339 -2895741
19300.591270832556 -2899221
19300.591271007062 -2900413
19300.591272031736 -2900413
19300.59127306116 -2901562
19300.59127591677 -2904991
19300.591279607754 -2908164
19300.5912802673 -2909070
19300.591281296714 -2909821
19300.59128232603 -2910347
19300.591285183436 -2910753
19300.591288916356 -2906442
19300.59128972411 -2904815
19300.591290832246 -2903209
19300.591293774258 -2900360
19300.591297463983 -2896906
19300.591297767696 -2895856
19300.591298796608 -2894878
19300.591299826043 -2893946
19300.591302684268 -2892249
19300.591306406342 -2889223
19300.59130745508 -2888479
19300.591308563206 -2887817
19300.591311424978 -2886459
19300.591315114885 -2884493
19300.591315286874 -2883845
19300.591316320762 -2883159
19300.591317428785 -2882467
19300.59132028721 -2880876
19300.591324004527 -2878004
19300.5913245322 -2876957
19300.591325561425 -2876027
19300.591326590704 -2875035
19300.591329458217 -2873093
19300.59133315759 -2868152
19300.591334052442 -2866662
19300.591335160636 -2865055
19300.591338200382 -2862064
19300.591341962037 -2858028
19300.591342918462 -2857342
19300.591344026747 -2856803
19300.591346858208 -2856085
19300.59135050794 -2855840
19300.59135129632 -2855908
19300.591352325682 -2856082
19300.59135335505 -2856320
19300.591356191333 -2857083
19300.591359935752 -2858722
19300.591360650218 -2859167
19300.591361758507 -2859535
19300.591362866748 -2859798
19300.591365732744 -2860134
19300.591369432637 -2860252
19300.591369826285 -2860206
19300.591371732615 -2859807
19300.5913746028 -2858954
19300.591378319215 -2857278
19300.591379090703 -2856686
19300.591380120095 -2856063
19300.591381149443 -2855418
19300.59138403169 -2853666
19300.59138772382 -2852537
19300.5913883559 -2852291
19300.59138946411 -2852108
19300.591390572394 -2852051
19300.59139343581 -2852069
19300.591397161992 -2852384
19300.591397621272 -2852529
19300.59139865059 -2852670
19300.591399680303 -2852895
19300.591402507718 -2853542
19300.591406149408 -2854736
19300.59140719669 -2854985
19300.59140830506 -2855283
19300.59141113374 -2856016
19300.591414821803 -2858239
19300.59141512553 -2859457
19300.591416154664 -2860819
19300.591417184292 -2862311
19300.59142001788 -2865531
19300.591423665126 -2870519
19300.59142439252 -2872238
19300.59142542234 -2873887
19300.59142645177 -2875477
19300.59142929207 -2878544
19300.591432972535 -2883876
19300.59143379353 -2884948
19300.591434901668 -2885984
19300.591436009792 -2886959
19300.59144009766 -2889014
19300.591443739653 -2889176
19300.59144395787 -2888618
19300.591444985 -2887730
19300.59144601454 -2886663
19300.59144873825 -2884006
19300.591452281333 -2879385
19300.59145322279 -2877854
19300.591454252397 -2876367
19300.59145528227 -2874902
19300.59145801838 -2872259
19300.591461566193 -2867951
19300.591462606386 -2867272
19300.591463714536 -2866835
19300.59146647278 -2866481
19300.591470025312 -2866345
19300.59147072691 -2866292
19300.59147175647 -2866181
19300.591472786098 -2866058
19300.591475526493 -2865670
19300.59147907398 -2864901
19300.591479993876 -2864645
19300.591481023566 -2864349
19300.591482053183 -2865625
19300.591484789977 -2863023
19300.59148833942 -2861899
19300.591489260518 -2861561
19300.591490310137 -2861251
19300.591491418367 -2861054
19300.591494148717 -2860995
19300.59149771919 -2861369
19300.591498528207 -2861598
19300.59149955786 -2861831
19300.591500587547 -2862137
19300.591503294178 -2862858
19300.591506826713 -2864382
19300.591507795612 -2864995
19300.591508825255 -2865650
19300.591509854905 -2866278
19300.59151259037 -2868280
19300.591516152443 -2869879
19300.591517062534 -2870376
19300.59151809199 -2870786
19300.591519123656 -2871220
19300.591521849026 -2872121
19300.591525398602 -2873543
19300.591526329954 -2874014
19300.591527359607 -2874465
19300.59152838934 -2874879
19300.59153113993 -2875624
19300.591534691714 -2876093
19300.591535746793 -2876015
19300.591536855034 -2875886
19300.591539618472 -2875405
19300.591543171322 -2874311
19300.591543833656 -2873850
19300.59154486308 -2873371
19300.591545892188 -2872814
19300.591548626377 -2871793
19300.5915521495 -2869725
19300.591553098933 -2868885
19300.591554128452 -2868030
19300.591555157916 -2867153
19300.59155787655 -2865468
19300.591561406378 -2862134
19300.59156236382 -2861421
19300.591563452304 -2860794
19300.59156456066 -2860334
19300.591567277766 -2859776
19300.591570852637 -2860204
19300.591571629444 -2860564
19300.591573688274 -2861086
19300.591576410763 -2862598
19300.591579951124 -2863637
19300.591580894295 -2863865
19300.591581923738 -2864052
19300.591582953148 -2864145
19300.59158568227 -2864368
19300.591589210937 -2865249
19300.59159015876 -2865884
19300.591591188007 -2866627
19300.59159226661 -2867441
19300.591595012105 -2868729
19300.59159855833 -2870213
19300.59159942285 -2870688
19300.591600452 -2871228
19300.591601481086 -2871788
19300.591604206067 -2872917
19300.591607728555 -2874310
19300.59160868508 -2485849
19300.591609997107 -2874567
19300.591612712986 -2874010
19300.591616290312 -2872268
19300.591616918264 -2871542
19300.591617946993 -2870649
19300.591618975952 -2869601
19300.591621699376 -2867473
19300.591625228957 -2863661
19300.591626180336 -2862247
19300.591627209385 -2860776
19300.59162823847 -2859304
19300.59163096557 -2855980
19300.59163451412 -2847880
19300.59163548392 -2846400
19300.59163659199 -2845726
19300.591639437895 -2846372
19300.59164298522 -2848997
19300.591643675718 -2849832
19300.591644704815 -2850658
19300.59164573413 -2851422
19300.591648473783 -2852608
19300.591652028623 -2854337
19300.59165293987 -2855600
19300.591653969226 -2857307
19300.591654998738 -2859352
19300.591657758563 -2866348
19300.5916612934 -2871610
19300.591662204086 -2872805
19300.591663233263 -2873729
19300.59166429544 -2874352
19300.591667018267 -2875245
19300.59167054229 -2875266
19300.591671468854 -2874979
19300.591672498125 -2874638
19300.591673527433 -2874192
19300.59167631236 -2873296
19300.59168000676 -2872069
19300.591680916958 -2871789
19300.59168202512 -2871441
19300.59168484648 -2870506
19300.591688483415 -2867919
19300.59168896899 -2866682
19300.591689997524 -2865117
19300.591691026828 -2863397
19300.591693838647 -2859692
19300.591697477197 -2855212
19300.59169823293 -2854258
19300.591699262615 -2853454
19300.591700291803 -2852932
19300.591704530914 -2852695
19300.59170824581 -2853477
19300.5917086203 -2853542
19300.591709727985 -2853498
19300.591710836343 -2853285
19300.59171355249 -2852682
19300.591717099214 -2852218
19300.591717791263 -2852358
19300.5917188206 -2852643
19300.591719849665 -2852966
19300.591722595556 -2854043
19300.591726159502 -2855565
19300.5917270558 -2855913
19300.591728085245 -2856152
19300.59172911456 -2856167
19300.591731834793 -2855655
19300.591735367223 -2855528
19300.59173632288 -2855821
19300.591737430936 -2856063
19300.59173853905 -2856255
19300.591741259457 -2856841
19300.59174482171 -2857304
19300.591745585152 -2857371
19300.59174661449 -2857356
19300.591747644048 -2857353
19300.591750360567 -2857127
19300.591753908982 -2856747
19300.591754850208 -2856561
19300.59175587949 -2856400
19300.591756908936 -2856192
19300.591759646424 -2855389
19300.59176319266 -2854814
19300.59176411478 -2854640
19300.591765144072 -2854508
19300.591766242756 -2854439
19300.59176895991 -2854229
19300.591772513588 -2853946
19300.591773379838 -2853999
19300.591774409397 -2854130
19300.5917754389 -2854404
19300.591778169015 -2855527
19300.591781711704 -2858159
19300.591782644628 -2859249
19300.591783674052 -2860383
19300.591784703392 -2861420
19300.591787421043 -2864179
19300.59179096141 -2866274
19300.591791909017 -2866795
19300.59179293837 -2867251
19300.591793967662 -2867695
19300.59179680131 -2868454
19300.591800472303 -2869425
19300.591801173297 -2869813
19300.591802202514 -2870268
19300.59180323198 -2870723
19300.59180605544 -2871530
19300.591809709018 -2872430
19300.591810568483 -2872188
19300.591811676644 -2871712
19300.591812784678 -2871094
19300.59181562925 -2870103
19300.591819282752 -2869347
19300.591819701483 -2869129
19300.591820730337 -2868894
19300.59182175956 -2868653
19300.59182457595 -2868214
19300.591828192082 -2867247
19300.591828965244 -2866853
19300.591829994573 -2866472
19300.59183102391 -2866181
19300.59183386228 -2865500
19300.591837507433 -2865209
19300.591838271874 -2865189
19300.591839380035 -2865174
19300.591840487996 -2865142
19300.59184332734 -2865039
19300.591846969433 -2864764
19300.591847494376 -2864682
19300.591848523483 -2864577
19300.59184955302 -2864510
19300.59185240336 -2864364
19300.591856061226 -2863919
19300.591857110358 -2863768
19300.591858218333 -2863647
19300.591861051296 -2863519
19300.591864694885 -2863395
19300.59186499701 -2863300
19300.59186602604 -2863364
19300.591867083356 -2863661
19300.591869930427 -2864794
19300.59187358846 -2866400
19300.59187426347 -2866721
19300.591875292743 -2866932
19300.59187632228 -2867269
19300.591879156866 -2868763
19300.591882792814 -2873231
19300.59188370494 -2874019
19300.591884812984 -2874758
19300.59188772808 -2876043
19300.591891376866 -2877083
19300.591891766817 -2877258
19300.591892795845 -2877298
19300.59189382538 -2877258
19300.591896651214 -2876750
19300.59190031072 -2875853
19300.591901033185 -2875689
19300.59190206273 -2875578
19300.591903092314 -2875620
19300.591905955313 -2876020
19300.591909603958 -2876509
19300.591910299652 -2876607
19300.591911408 -2876688
19300.591912516087 -2876651
19300.591915346875 -2876449
19300.5919189886 -2875517
19300.591919566494 -2875007
19300.59192059601 -2874422
19300.5919216256 -2873718
19300.591924463322 -2872081
19300.59192811201 -2868360
19300.591929138078 -2867365
19300.591930246068 -2866444
19300.5919330758 -2864473
19300.591936695047 -2862072
19300.591937071204 -2861410
19300.591938100544 -2860804
19300.591939130187 -2860285
19300.591941964998 -2859620
19300.59194561036 -2859104
19300.59194633829 -2859108
19300.5919473678 -2859156
19300.591948397512 -2859179
19300.591951233335 -2859107
19300.59195487074 -2857804
19300.59195573191 -2857155
19300.591956839908 -2856439
19300.59195794831 -2855673
19300.59196078839 -2854040
19300.59196574065 -2850918
19300.591966812684 -2850496
19300.591969646004 -2849829
19300.591973298506 -2849351
19300.591974138853 -2849520
19300.591975168416 -2849846
19300.59197619814 -2850404
19300.591979456956 -2852948
19300.59198350931 -2856964
19300.591984542058 -2857780
19300.59198565014 -2858520
19300.591988858923 -2859679
19300.59199290103 -2860348
19300.59199370221 -2860295
19300.591994731818 -2860150
19300.59199795551 -2859381
19300.59200200837 -2858653
19300.592002969166 -2858419
19300.592003998703 -2858337
19300.59200720344 -2857525
19300.592011290417 -2855135
19300.592012244084 -2854643
19300.592013352176 -2854391
19300.59201657112 -2854290
19300.59202063043 -2855649
19300.592021501896 -2856103
19300.592022531204 -2856640
19300.592025762977 -2859169
19300.592029850995 -2862864
19300.592030766784 -2863994
19300.59203179613 -2865027
19300.592035023135 -2866738
19300.592039072304 -2866019
19300.592040030962 -2865437
19300.59204106024 -2864901
19300.59204431353 -2863592
19300.592048370116 -2861059
19300.592049296018 -2860580
19300.592050325267 -2860092
19300.592053549237 -2859222
19300.59205760124 -2859010
19300.592058560578 -2859186
19300.59205958992 -2859425
19300.59206284699 -2860453
19300.59206690198 -2861306
19300.59206782499 -2861683
19300.592068854246 -2862406
19300.592072085114 -2866295
19300.592076148507 -2868621
19300.592077089168 -2868868
19300.592078118323 -2868885
19300.592081386494 -2868203
19300.592085444907 -2866825
19300.592086486286 -2866314
19300.59208759449 -2865744
19300.59209082023 -2864728
19300.592094869768 -2863556
19300.592095617132 -2863317
19300.592096646364 -2863123
19300.592099903646 -2862051
19300.592103950068 -2859593
19300.592104881503 -2858516
19300.592105910833 -2857461
19300.592109143912 -2854685
19300.59211318575 -2852895
19300.59211418919 -2852944
19300.592115297095 -2853143
19300.592118570024 -2853547
19300.59212260787 -2854021
19300.592123410835 -2854059
19300.592124440125 -2854115
19300.592127670556 -2853737
19300.592131734837 -2852405
19300.59213267545 -2851778
19300.592133705002 -1425541
19300.5921369722 -2848822
19300.59214102469 -2847281
19300.592141939676 -2847478
19300.592142999085 -2847832
19300.592146212304 -2848891
19300.592150267938 -2850629
19300.592151204397 -2851001
19300.592152233807 -2851290
19300.592155500868 -2851996
19300.592160868495 -2853700
19300.59216183612 -2854271
19300.59216504743 -2855713
19300.592169102223 -2859125
19300.592169734642 -2859864
19300.592170763797 -2860463
19300.59217401236 -2861559
19300.592178071332 -2863947
19300.592178999494 -2864622
19300.592180028783 -2865331
19300.59218325977 -2867591
19300.592187313923 -2869737
19300.592188264385 -2870405
19300.592189293715 -2871069
19300.592192522177 -2873194
19300.592196593276 -2875595
19300.592197530426 -2876092
19300.59219855999 -2876505
19300.59220177516 -2876872
19300.592205877267 -2875903
19300.592206797697 -2875240
19300.5922078275 -2874463
19300.592211032963 -2871895
19300.592215097317 -2868689
19300.59221613154 -2867936
19300.592217239504 -2867184
19300.59222047565 -2865742
19300.59222453786 -2862418
19300.592225332257 -2861439
19300.592226361896 -2860397
19300.592229567803 -2857301
19300.59223364477 -2852768
19300.592234968564 -2853445
19300.59223607697 -2852971
19300.592239319536 -2852441
19300.592243381492 -2853174
19300.592243864954 -2853575
19300.592244941112 -2853963
19300.59224604927 -2854439
19300.592249169735 -2855515
19300.592253127503 -2857815
19300.592254159328 -2858478
19300.592255188738 -2859110
19300.5922583206 -2861165
19300.592262263068 -2863211
19300.59226267067 -2863907
19300.59226377839 -2864660
19300.592264886356 -2865370
19300.592268004526 -2866608
19300.592271931135 -2868807
19300.592272689293 -2869272
19300.592273750673 -2869562
19300.59227697441 -2869992
19300.592281025405 -2870374
19300.592281954825 -2870379
19300.592282984224 -2870350
19300.592286183935 -2869440
19300.59229022832 -2867508
19300.592291220208 -2866678
19300.592292249767 -2865788
19300.592295457744 -2862765
19300.592299498556 -2858919
19300.59230048478 -2858164
19300.59230151411 -2857620
19300.592304810034 -2856755
19300.59230897103 -2856741
19300.59230975028 -2856742
19300.592310779524 -2856678
19300.592314092617 -2856394
19300.592318218343 -2855752
19300.592319180938 -2855747
19300.59232028912 -2855771
19300.592323574238 -2856130
19300.592327692386 -2858262
19300.592328279898 -2858977
19300.592329309224 -2859676
19300.59233261375 -2862161
19300.592336749203 -2864470
19300.59233754641 -2865167
19300.5923385759 -2865849
19300.592341863332 -2867914
19300.592346006575 -2870312
19300.592346883866 -2870916
19300.592347991584 -2871517
19300.59235132581 -2873320
19300.592355310982 -2875330
19300.592356079407 -2875975
19300.59235710897 -2876640
19300.592360407976 -2878774
19300.59236439125 -2881135
19300.59236534627 -2882000
19300.59236637581 -2882844
19300.592369612976 -2885504
19300.59237350104 -2889560
19300.59237458513 -2890579
19300.592375693068 -2891597
19300.592378899073 -2893479
19300.59238278154 -2896121
19300.592383449584 -2896468
19300.59238455749 -2896598
19300.59238919846 -2895894
19300.592393074745 -2894024
19300.592393422758 -2893184
19300.59239453037 -2892216
19300.592395638483 -2891201
19300.59239886535 -2888944
19300.592402788356 -2883920
19300.5924034423 -2882629
19300.5924045033 -2881377
19300.592407828346 -2877978
19300.592411712754 -2875270
19300.59241270921 -2874568
19300.59241373887 -2873747
19300.592416949607 -2871105
19300.592420860416 -2867791
19300.59242112692 -2866671
19300.592422233483 -2865570
19300.59242334177 -2864542
19300.592426541032 -2862568
19300.59243041649 -2859248
19300.592431242523 -2858471
19300.59243227206 -2857706
19300.592435494305 -2856224
19300.592439395114 -2852797
19300.592439963435 -2851953
19300.592441071505 -2851088
19300.59244217962 -2850313
19300.59244539706 -2849024
19300.592449288124 -2847495
19300.592449936757 -2847395
19300.592451044817 -2847514
19300.59245437823 -2848979
19300.59245826191 -2851546
19300.592459042822 -2852560
19300.592460072396 -2853689
19300.59246333212 -2857637
19300.592467218587 -2860091
19300.59246767152 -2860465
19300.59246877515 -2860656
19300.592469883275 -2860702
19300.59247310618 -2860379
19300.592476973357 -2858762
19300.592477640115 -2858038
19300.592478748138 -2857247
19300.59248206502 -2855295
19300.592485927038 -2850689
19300.59248684229 -2849785
19300.59248787175 -2848998
19300.592491113275 -2847486
19300.592494976147 -2847616
19300.592495370383 -2847482
19300.59249647802 -2847152
19300.592497586204 -2846708
19300.592500794388 -2845497
19300.592504673263 -2843938
19300.592505374974 -2844395
19300.592506451067 -2845144
19300.592509767386 -2845045
19300.592513637013 -2837666
19300.592514641874 -2836297
19300.592515671357 -2835771
19300.592518905218 -2838017
19300.592522784525 -2842856
19300.592523074905 -2844537
19300.59252418095 -2846064
19300.592525288903 -2847452
19300.59252853728 -2850567
19300.59253241426 -2863459
19300.592533174513 -2867970
19300.592534203806 -2872246
19300.592537493438 -2881247
19300.59254137405 -2888976
19300.592541910544 -2894499
19300.592543018323 -2900534
19300.5925441264 -2905359
19300.592547364107 -2910739
19300.592551232407 -2926265
19300.592551883055 -2930040
19300.592552990995 -2934246
19300.592556325904 -2939364
19300.592560381217 -2934934
19300.59256097478 -2933486
19300.592562004167 -2932627
19300.59256530985 -2932798
19300.59256936208 -2932713
19300.592570242003 -2930428
19300.592571271944 -2927337
19300.59257451963 -2917935
19300.59257857308 -2911993
19300.59257958522 -2910346
19300.59258069317 -2907223
19300.5925839525 -2897735
19300.592587992418 -2893291
19300.592588780022 -2893563
19300.592589809872 -2893228
19300.59259302456 -2892213
19300.592597074905 -2895401
19300.592598048806 -2897588
19300.59259907837 -2899302
19300.592603642155 -2911874
19300.592607694885 -2920600
19300.592608393716 -2920991
19300.59260950169 -2920406
19300.59261280957 -2916908
19300.592617033715 -2912052
19300.592617611805 -2911983
19300.592618641516 -2911827
19300.59262196595 -2909265
19300.592626119884 -2900685
19300.59262722968 -2892791
19300.592628337803 -2889732
19300.592631620948 -2885577
19300.59263582455 -2878960
19300.592636145473 -2877402
19300.592637201644 -2875941
19300.59263830985 -2874627
19300.5926415703 -2871019
19300.592645847082 -2864000
19300.592646441946 -2863056
19300.592647471447 -2862399
19300.592650818424 -2861817
19300.59265514147 -2862342
19300.592656037454 -2862619
19300.592657145717 -2863034
19300.592660497743 -2871222
19300.59266475369 -2886498
19300.592664977383 -2891235
19300.59266600933 -2894702
19300.592667117315 -2896831
19300.59267043825 -2901478
19300.59267459809 -2914417
19300.59267527147 -2917044
19300.592676300985 -2919839
19300.5926796428 -2925861
19300.592683853876 -2925801
19300.592684846422 -2925578
19300.592685954467 -2925653
19300.592689270718 -2926537
19300.592693401017 -2930359
19300.592693805742 -2931201
19300.592698638437 -2936183
