19300.872972313402 13950383
19300.872973257952 13951756
19300.872974826852 13952867
19300.87298196898 13960928
19300.872982844303 13962484
19300.872983952522 13965325
19300.872985060338 13968911
19300.87298616921 13972652
19300.872987277653 13976337
19300.87299024648 13982989
19300.872993877674 13988087
19300.872994872683 13988534
19300.87299590292 13988532
19300.872999157327 13988061
19300.873002554803 13987644
19300.873003109245 13986881
19300.873004137116 13985949
19300.873005166588 13985028
19300.87300801992 13983629
19300.873010983218 13985048
19300.87301166178 13985813
19300.873012768403 13984989
19300.873013876702 13982789
19300.873016853817 13974074
19300.873019918923 13963530
19300.873020606192 13961798
19300.873021635867 13962160
19300.873022742177 13962168
19300.873025823785 13959401
19300.87302902588 13953872
19300.87302987125 13952769
19300.87303089976 13953040
19300.87303192853 13954959
19300.87303512072 13963593
19300.873038435057 13967229
19300.873039364466 13968397
19300.87304047435 13969308
19300.873041584477 13970014
19300.87304491588 13971359
19300.873048351423 13970829
19300.873049341066 13971374
19300.87305045028 13972353
19300.87305355037 13974301
19300.873056606502 13973630
19300.87305766244 13971604
19300.87305869212 13970572
19300.873059720252 13970444
19300.873062831306 13974602
19300.873066030603 13975040
19300.87306707287 13973893
19300.87306818258 13972599
19300.873069288853 13971668
19300.873072377544 13974154
19300.873075577812 13984397
19300.873076193126 13987568
19300.873077222906 13989894
19300.873078252418 13991128
19300.87308144352 13993630
19300.873084756564 14000877
19300.87308545861 14001031
19300.87308648933 14000338
19300.873087518772 13999588
19300.873090708865 13997166
19300.873094222407 13993732
19300.8730947811 13992075
19300.873095889536 13989729
19300.87309699723 13986989
19300.873100290682 13980835
19300.87310389399 13977986
19300.873104756516 13979045
19300.87310586353 13979739
19300.873109303146 13980851
19300.873112913912 13984415
19300.873113621794 13984831
19300.87311473046 13984566
19300.87311583956 13984172
19300.873119258078 13986575
19300.87312298007 13986684
19300.873123596688 13985850
19300.87312470572 13984925
19300.873125812846 13983748
19300.873130316922 13985766
19300.87313405119 13993843
19300.873134880498 13996662
19300.873135909616 13999167
19300.8731392108 14006127
19300.87314276398 14006596
19300.873143545774 14005131
19300.873144653764 14003484
19300.87314576339 14001683
19300.873149081715 13997042
19300.873152708275 13988969
19300.873153520948 13987731
19300.873154627454 13985887
19300.873158084978 13980303
19300.873161710337 13977334
19300.873162678683 13978132
19300.873163707583 13979384
19300.873167078866 13981792
19300.87317071361 13982409
19300.87317125388 13982374
19300.8731723614 13981617
19300.87317346935 13980701
19300.87317632529 13979446
19300.873179496204 13976394
19300.87318017926 13975331
19300.87318122941 13974278
19300.873182335126 13973485
19300.87318519669 13974300
19300.873188398436 13979428
19300.87318944407 13980732
19300.87319047392 13981280
19300.873191503208 13981245
19300.87319445985 13980706
19300.87319773619 13976399
19300.873198710615 13974826
19300.87319973963 13973493
19300.873200768714 13972126
19300.873203721552 13968310
19300.87320699845 13968454
19300.873207973993 13968379
19300.87320900463 13967478
19300.873210044527 13966113
19300.87321302971 13964571
19300.873216324595 13966617
19300.873217240936 13966305
19300.87321827014 13965213
19300.873219298694 13964016
19300.87322236171 13960729
19300.87322565207 13957334
19300.873226668427 13957820
19300.873227775915 13958896
19300.87322888462 13960413
19300.87323189045 13963405
19300.873235207153 13968579
19300.87323577079 13970906
19300.873236799525 13973661
19300.87323782867 13976792
19300.873240917754 13981401
19300.873244357303 13984059
19300.87324503674 13985369
19300.87324606486 13986876
19300.873247094965 13988516
19300.873250313496 13991812
19300.873253866655 13992965
19300.87325437557 13993840
19300.873255484086 13994980
19300.873256590843 13996105
19300.87325978934 13996670
19300.873263337024 13994299
19300.873264349535 13993499
19300.873265458762 13992969
19300.87326866258 13992720
19300.873272190776 13994095
19300.873273216446 13995319
19300.873274324953 13997229
19300.873277541075 14001241
19300.87328124066 14004032
19300.873282096167 14004119
19300.87328319082 14004131
19300.873286430462 14003912
19300.87329030698 14000803
19300.873291359883 13999802
19300.87329238788 13998761
19300.873295743266 13997233
19300.873299464503 13995638
19300.873299818726 13994393
19300.873300922198 13993009
19300.873302032094 13992363
19300.873305392048 13995991
19300.87330915744 14000210
19300.873309887127 14000766
19300.873310916028 14001002
19300.873314410925 14001349
19300.873318101076 14002083
19300.873319151597 14002276
19300.87332018169 14002492
19300.873323494918 14003884
19300.873327168298 14004547
19300.873327523102 14004246
19300.873328629143 14003718
19300.87332973706 14003179
19300.87333310736 14002487
19300.873336752185 14002417
19300.873337679863 14002225
19300.873338710706 14001575
19300.873342236377 13995232
19300.873345997246 13983273
19300.873346944074 13979675
19300.873347973113 13976511
19300.873351410497 13970179
19300.873356330823 13976659
19300.87335744302 13980281
19300.873360965335 13981574
19300.873364740797 13980271
19300.87336547286 13979765
19300.873366502245 13979440
19300.87337001669 13980211
19300.873373827628 13983719
19300.873374736875 13985415
19300.87337576627 13987070
19300.87337868153 13990219
19300.873381866888 13990637
19300.873382933947 13990196
19300.87338404353 13989181
19300.87338515147 13987732
19300.87338839008 13985520
19300.873392073252 13991376
19300.873392910602 13992353
19300.87339401766 13991292
19300.87339722801 13983865
19300.873400822744 13965603
19300.873401776134 13963424
19300.873402884747 13961676
19300.87340619321 13959574
19300.87340975888 15371382
19300.87341076376 15371382
19300.873411793564 13967222
19300.87341519671 13970879
19300.87341923565 13970710
19300.87342002778 13970861
19300.87342105682 13971265
19300.873424365906 13974336
19300.873428298124 13978408
19300.873429290477 13979449
19300.87343031971 13979412
19300.87343361413 13971074
19300.873437538565 13971761
19300.873438553925 13973008
19300.873439583484 13973516
19300.8734428509 13974182
19300.873446768794 13979161
19300.873447819537 13978872
19300.87344884859 13977787
19300.87345213677 13974044
19300.873456068275 13971862
19300.873457189722 13971607
19300.873458296668 13971718
19300.87346156406 13970738
19300.87346549373 13957174
19300.873466346155 13955165
19300.873467375983 13953723
19300.873470733495 13952801
19300.87347461897 13952102
19300.873475611817 13951282
19300.873476640358 13951447
19300.873480025788 13955119
19300.87348405869 13957707
19300.873484898126 13959062
19300.87348600426 13960311
19300.873489467038 13962455
19300.873493586874 13962162
19300.873494139723 13960665
19300.873495168773 13958590
19300.873498557106 13955440
19300.8735025964 13958928
19300.873503403276 13959717
19300.873504432464 13960380
19300.873507831573 13962164
19300.8735119805 13962841
19300.873512668382 13963602
19300.873513712395 13964243
19300.873517086482 13965834
19300.873521147536 13965980
19300.87352193405 13964734
19300.873522963448 13964025
19300.873526440766 13965062
19300.873530512155 13966040
19300.873531441957 13964679
19300.87353254957 13963175
19300.87353594499 13961850
19300.873540076424 13956890
19300.873540464803 13956897
19300.873541492896 13958086
19300.87354498163 13962131
19300.873549037166 13961185
19300.8735497275 13959819
19300.873550757617 13959201
19300.87355416376 13960601
19300.8735582092 13965083
19300.87355914678 13965237
19300.873560254502 13965113
19300.873563637095 13966472
19300.873567665603 13965622
19300.873568258958 13963000
19300.873569289524 13959482
19300.873573801287 13960787
19300.87357782748 13968176
19300.87357855359 13969152
19300.873579585033 13969593
19300.87358304719 13972279
19300.873587198264 13977800
19300.87358795986 13979159
19300.873589068484 13980358
19300.8735925505 13982693
19300.8735967394 13983769
19300.873597089663 13982990
19300.873598117858 13982173
19300.873601683346 13984087
19300.873605839988 13988828
19300.87360679914 13989279
19300.873607908157 13989272
19300.87361139543 13986219
19300.873615535857 13980170
19300.873615884953 13978157
19300.873616776098 13976324
19300.87361788339 13974923
19300.873621393563 13973114
19300.87362560213 13969784
19300.873625955544 13967674
19300.87362695222 13965211
19300.873630544655 13959749
19300.87363469155 13954178
19300.873635614167 13952906
19300.873636723438 13951890
19300.8736402552 13948467
19300.87364439368 13950080
19300.87364474264 13952034
19300.873645589225 13954271
19300.873646697313 13956632
19300.873650198657 13962849
19300.873654512456 13966285
19300.87365556301 13965716
19300.87365666941 13964550
19300.873660135392 13961453
19300.8736642636 13954581
19300.873665045383 13952749
19300.87366607543 13951925
19300.873669709592 13953528
19300.873674036437 13957816
19300.873674407583 13958998
19300.87367551157 13960307
19300.87367913236 13964270
19300.87368341316 13965872
19300.873684377315 13965974
19300.873685485716 13966139
19300.873689113934 13966518
19300.873693424397 13965542
19300.873694351852 13964830
19300.873695459966 13964095
19300.873699091644 13963208
19300.873703380217 13961669
19300.873704325637 13960091
19300.873705433914 13958326
19300.873709045394 13953960
19300.873713301607 13955991
19300.87371429991 13956353
19300.873715408958 13956579
19300.873719005092 13956896
19300.873723265257 13956103
19300.87372427441 13956265
19300.873725382753 13956429
19300.873729074352 13956495
19300.87373335906 13955546
19300.87373424866 13954180
19300.873735356887 13953171
19300.873738952523 13946739
19300.87374321685 13945879
19300.873744224435 13948144
19300.873745331817 13950460
19300.873748830716 13955508
19300.87375290818 13959817
19300.873753578413 13960979
19300.873754606644 13961906
19300.873757986803 13963571
19300.87376204545 13966488
19300.87376306411 13967399
19300.873764171734 13967994
19300.873767806155 13968388
19300.87377226404 13965652
19300.873773137395 13964479
19300.873774165615 13963312
19300.87377816051 13962073
19300.873782611376 13963535
19300.873783429503 13960312
19300.873784458658 13956877
19300.873787807002 13951050
19300.87379176589 13953435
19300.8737926939 13955735
19300.873793725845 13958111
19300.873797053646 13965478
19300.87380101375 13974297
19300.873801959307 13975773
19300.87380299 13977104
19300.8738063405 13978314
19300.87381154345 13972274
19300.87381225426 13972029
19300.873815504594 13970584
19300.873819432443 13969073
19300.873820489745 13969587
19300.873821520036 13970800
19300.8738247842 13971302
19300.873828738695 13954660
19300.873829755346 13952207
19300.873830783865 13952058
19300.87383387314 13958830
19300.873837504318 13976728
19300.873838424304 13980843
19300.87383953082 13984625
19300.873842524838 13990645
19300.873846318274 14002493
19300.873847291692 14005104
19300.87384839817 14006473
19300.873851506818 14006546
19300.873855283717 14011429
19300.8738561558 14012702
19300.873857263057 14013274
19300.87386020536 14013002
19300.873864022094 14016860
19300.87386501863 14018518
19300.87386612972 14019465
19300.873869202213 14019468
19300.87387322891 14015500
19300.87387402786 14014666
19300.87387505707 14013851
19300.873878133356 14012093
19300.873881853287 14008323
19300.87388275281 14007210
19300.873883860764 14006069
19300.873886936322 14003555
19300.873890588227 13996564
19300.873891616702 13993725
19300.873892726933 13989836
19300.873895755798 13980137
19300.87389988802 13962555
19300.87390079918 13958531
19300.87390182845 13954150
19300.873904902175 13947234
19300.873908534537 13939070
19300.873909350812 13939088
19300.8739104581 13939453
19300.87391348029 13940827
19300.87391722469 13943290
19300.873918215275 13941523
19300.873919323647 13939573
19300.87392287043 13934205
19300.873926549073 13932399
19300.87392756896 13931802
19300.87392859943 13931028
19300.87393161376 13932961
19300.873935412743 13939886
19300.87393594845 13942404
19300.873937055727 13944878
19300.873938163724 13947635
19300.87394130355 13954212
19300.873945276275 13960518
19300.873946103216 13960469
19300.873947132073 13960908
19300.873950144283 13964962
19300.87395385979 13976497
19300.873954786042 13976113
19300.873955894975 13974099
19300.873959048484 13969354
19300.87396283774 13962481
19300.87396365289 13962015
19300.87396476057 13962084
19300.873968037868 13962578
19300.8739722717 13957984
19300.87397287434 13956270
19300.873973902915 13954131
19300.873977127405 13949486
19300.87398099434 13947903
19300.87398138559 13947171
19300.87398249249 13944769
19300.873984707177 13946419
19300.873987864026 13945052
19300.873992002224 13942990
19300.87399246847 13942838
19300.87399357567 13942888
19300.87399660698 13944845
19300.874000550175 13957687
19300.874001334523 13961275
19300.87400244353 13963757
19300.874005567115 13964139
19300.874009397616 13964521
19300.874010202373 13966596
19300.87401131265 13969344
19300.874014488298 13973468
19300.874018270046 13971398
19300.874019210023 13970750
19300.87402023973 13970319
19300.874024350323 13967236
19300.87402810257 13972374
19300.874029044015 13973554
19300.874030154122 13973768
19300.874033373322 13973012
19300.874037004076 13969530
19300.874037910024 13968016
19300.874039018032 13966996
19300.874042087304 13965973
19300.874046203935 13969376
19300.874047011795 13969003
19300.87404803969 13967377
19300.874051115126 13962900
19300.87405480263 13959807
19300.874055642696 13959551
19300.874056753182 13958798
19300.874060073253 6975996
19300.87406399581 13945556
19300.87406452111 13945703
19300.874065618875 13945930
19300.87406884531 13944617
19300.87407206149 13947136
19300.874072753046 13949787
19300.87407378373 13952593
19300.874074813473 13954970
19300.87407825881 13960859
19300.874081469283 13967460
19300.874082245035 13969277
19300.874083352788 13970887
19300.874084461968 13972589
19300.874087852524 13978595
19300.87409107365 13982736
19300.87409142633 13984561
19300.874092318194 13986115
19300.87409334661 13987382
19300.874097020278 13986997
19300.87410032087 13978754
19300.87410108713 13976019
19300.87410219454 13973862
19300.874103302303 13972318
19300.874106727813 13970549
19300.87410997177 13971637
19300.874111061123 13971753
19300.874112170393 13971465
19300.87411327816 13970629
19300.874116729003 13967244
19300.87412002058 13968913
19300.87412103766 13970531
19300.874122145615 13972378
19300.874123253194 13974380
19300.87412665838 13979587
19300.874130009975 13982402
19300.8741310131 13983304
19300.87413211978 13984395
19300.874135701204 13992345
19300.874138941934 14001041
19300.87413987846 14003921
19300.87414098787 14006539
19300.874142095046 14008299
19300.874145637583 14003118
19300.874148989307 13994086
19300.87414998421 13992130
19300.87415101434 13990183
19300.874152070104 13988079
19300.87415559809 13983166
19300.87415891148 13977966
19300.874159829364 13976849
19300.874160936954 13976514
19300.87416204596 13976842
19300.874165549212 13979006
19300.8741689075 13980446
19300.874169804363 13979806
19300.874170911666 13978677
19300.87417202058 13977288
19300.874175547604 13973239
19300.874178868136 13969722
19300.874179849052 13968575
19300.87418088728 13967552
19300.87418200227 13966453
19300.87418549662 13963481
19300.87418879289 13963373
19300.874189755243 13963949
19300.87419086204 13964499
19300.8741919697 13965013
19300.874195604374 13966471
19300.87419897081 13968106
19300.87419972969 13968869
19300.87420083704 13969674
19300.874201946852 13970403
19300.874205432778 13972454
19300.87420872509 13974433
19300.87420971163 13975153
19300.87421081345 13975874
19300.874211923277 13976303
19300.87421546405 13976759
19300.87421881207 13979309
19300.874219682348 13980364
19300.8742207903 13981304
19300.874221897455 13981851
19300.87422542148 13982899
19300.874228728495 13987143
19300.874229654954 13989026
19300.874230764755 13990982
19300.87423187287 13992870
19300.874235353425 13998097
19300.87423863043 14002887
19300.874239632245 14004197
19300.874240741334 14005306
19300.87424185008 14006151
19300.874245379815 14006862
19300.874248715358 14005672
19300.87424960741 14005065
19300.87425071654 14004248
19300.874251824025 14003092
19300.87425535021 13998951
19300.87425866794 14002857
19300.874259584398 14004493
19300.87426069154 14005528
19300.874261801062 14006090
19300.874266708128 14008457
19300.87427002124 14010470
19300.874270668413 14011396
19300.87427177574 14012162
19300.87427288339 14012717
19300.874276400937 14011782
19300.874279802025 14005199
19300.874280765693 14002259
19300.874281797314 13999490
19300.87428286067 13996590
19300.874286418206 13984401
19300.874289767627 13971680
19300.874290618947 13968004
19300.874291727883 13964864
19300.87429283697 13961622
19300.874296561262 13954544
19300.874300009014 13952305
19300.874300595984 13953013
19300.874301702846 13954465
19300.874302811815 13956373
19300.874306413243 13961910
19300.87430981404 13964870
19300.874310631472 13965274
19300.874311679654 13965413
19300.87431278883 13965396
19300.874316363937 13964594
19300.8743197248 13962229
19300.874320546493 13960107
19300.874321654697 13956646
19300.874322762444 13953585
19300.874326296725 13951957
19300.874329644237 13944347
19300.87433052145 13943735
19300.874331630577 13944805
19300.874332737927 13946715
19300.87433638918 13949179
19300.874339936458 13946677
19300.874340499086 13947527
19300.87434160566 13948191
19300.874342714014 13949255
19300.874346515833 13954110
19300.874350015707 13952231
19300.87435079538 13952471
19300.874351825034 13951375
19300.8743528564 13948105
19300.874356583463 13939151
19300.87436008413 13941991
19300.87436109551 13943274
19300.87436212535 13944929
19300.874365971136 13951579
19300.87436949228 13960819
19300.87437042462 13963331
19300.874371533486 13966296
19300.874375317315 13974129
19300.87437896486 13977210
19300.87437963183 13977291
19300.87438066309 13976956
19300.874381692094 13976154
19300.87438548647 13971965
19300.874388972963 13967415
19300.874389929653 13965946
19300.874390959838 13964664
19300.87439487383 13961352
19300.87439841603 13959779
19300.874399243366 13959534
19300.874400350694 13959685
19300.87440413926 13963340
19300.874407583462 13970552
19300.87440846285 13973078
19300.87440949359 13975450
19300.874410522374 13977615
19300.874413932663 13983330
19300.87441732799 13983790
19300.874418089214 13983563
19300.874419196807 13983377
19300.874420304317 13983443
19300.874423946403 13983929
19300.874427412396 13983297
19300.87442806478 13807212
19300.87443028156 13982636
19300.874433875637 13980219
19300.874437071492 13977669
19300.87443804072 13977483
19300.87443914905 13977065
19300.874440257245 13976371
19300.87444378139 13969558
19300.87444727684 13957683
19300.874448018123 13954659
19300.874449125477 13953554
19300.87445023389 13953845
19300.874454037952 13955895
19300.87445768691 13959947
19300.87445812456 13962883
19300.87445910168 13965766
19300.874460210696 13967994
19300.874463991746 13969509
19300.874467466863 13959634
19300.87446818075 13957126
19300.874469210034 13956304
19300.874470238854 13956172
19300.87447387736 13958150
19300.874477389316 13959676
19300.874477947997 13958258
19300.87447905353 13957446
19300.874480161387 13957255
19300.87448384804 13957213
19300.87448733111 13956205
19300.87448792427 13955790
19300.874489031412 13955084
19300.874490138023 13953834
19300.874493901218 13947962
19300.874497370092 13943066
19300.874498038494 13942184
19300.87449906714 13941218
19300.8745001145 13941084
19300.87450386603 13947115
19300.874507369652 13952935
19300.874508332454 13952138
19300.874509363377 13950798
19300.874513218983 13953094
19300.874516737407 6979038
19300.87451759794 6979038
19300.874518628632 13959267
19300.874519656758 13960990
19300.874523215196 13964662
19300.874526566484 13967848
19300.874526917814 13969396
19300.874527893866 13969641
19300.87452893435 13968880
19300.87453359007 13964769
19300.874537134685 13961380
19300.874538190048 13957962
19300.87453921853 13953917
19300.874543288613 13946510
19300.87454704309 13943573
19300.87454777794 13944879
19300.874548887954 13946592
19300.87455295389 13949637
19300.87455668905 13951296
19300.874557754745 13951725
19300.874558863263 13951949
