19300.76541062396 14006737
19300.765411339096 14010588
19300.76541395529 14017601
19300.765424100497 14029157
19300.76542478315 14027808
19300.76542573212 14025682
19300.765426760845 14022332
19300.76542780206 14017660
19300.76542891095 14012196
19300.765433216216 13993237
19300.76543786535 13967392
19300.765438889466 13965365
19300.765443528657 13969275
19300.76544857726 13968911
19300.76544941229 13965247
19300.765453420798 13957056
19300.765458038564 13967740
19300.765458846377 13968962
19300.765459955102 13969707
19300.76546427094 13971493
19300.765469337464 13971240
19300.76547000522 13972848
19300.76547458619 13980045
19300.765480052116 13966675
19300.765481021066 13966375
19300.76548496706 13970997
19300.76548988919 13990531
19300.765491 14001582
19300.765495000498 14017936
19300.76549987844 14033340
19300.765500978472 14035381
19300.765505300777 14041204
19300.765510432466 14042508
19300.765511187663 14043868
19300.76551756516 14047838
19300.76552202125 14050257
19300.765522513426 14051402
19300.76552354344 14052837
19300.765528346146 14055318
19300.765532801655 14055460
19300.765533134974 14055154
19300.76553424 14054690
19300.765538869837 14050038
19300.765543522615 14035655
19300.765544218495 14032395
19300.765545327675 14030865
19300.765549916574 14034230
19300.76555481066 14041411
19300.765555462036 14041286
19300.765556491642 14040180
19300.765560978925 14031491
19300.765565932546 14020540
19300.76556678869 14017863
19300.765571277338 14008693
19300.76557597384 13995860
19300.76557637309 13994257
19300.765577480277 13992934
19300.765582073298 13982507
19300.7655870627 13969807
19300.765587462556 13973293
19300.765588567443 13978745
19300.765593460994 13995347
19300.765598376944 13994512
19300.765598708564 13994158
19300.765599736238 13993647
19300.76560430939 13989248
19300.76560961242 13985062
19300.76561037942 13991935
19300.76561553608 13965220
19300.765620582224 13952899
19300.765621359154 13954111
19300.76562589646 13951316
19300.765630078273 13943546
19300.765630830418 13940667
19300.76563193905 13938895
19300.765636230102 13940760
19300.765638812652 13947692
19300.765639704143 13950062
19300.765644281746 13952309
19300.765647994944 13962635
19300.76565053455 13958883
19300.765651488287 13954435
19300.765652517523 13950926
19300.76565354751 13947805
19300.7656545764 13945141
19300.76565866142 13941757
19300.76566130419 13959167
19300.765666234744 13985625
19300.76567013807 14004002
19300.765672649537 14011667
19300.765673109687 14010175
19300.765674139442 14007297
19300.765675168925 14005816
19300.765676211668 14006693
19300.76567966677 14012247
19300.76568180044 14012319
19300.765682863566 14012108
19300.765683972535 14011966
19300.765685081424 14011233
19300.76568618991 14008892
19300.76568984271 13995128
19300.765692464538 13984558
19300.765692853947 13980350
19300.765693951747 13976763
19300.765695061862 13973070
19300.765696168215 13969690
19300.765701828135 13960920
19300.765704991376 13962339
19300.765705537695 13964350
19300.765706145638 13966220
19300.765707255105 13966662
19300.765708370764 13967834
19300.765712662884 13975823
19300.765715312198 13980023
19300.765717248752 13977952
19300.765722891585 13961803
19300.765728321934 13971056
19300.765733355707 13981902
19300.76573387249 13984139
19300.76573496882 13986339
19300.765739494618 13994927
19300.765744301934 13990254
19300.765745200577 13989018
19300.76575063294 13983738
19300.765756885103 13973310
19300.765763235788 13972574
19300.7657686697 13986446
19300.765769336736 13987989
19300.76577425264 13992546
19300.765779141137 13996430
19300.765779330533 13996132
19300.765780422465 13995106
19300.765785310276 13984493
19300.765790171932 13983607
19300.765790507823 13985048
19300.765791537593 13986096
19300.765796275788 13975331
19300.76580297825 13969607
19300.76580794633 13973727
19300.7658129578 13983809
19300.76581368294 13985678
19300.765817787036 13988314
19300.765822148278 13990977
19300.765822552523 13991879
19300.765823660982 13992706
19300.765827658553 13993622
19300.765831905024 13990837
19300.765832721838 13988916
19300.76583375138 13988574
19300.765837522846 13990121
19300.765841191922 13993968
19300.765841988312 13994147
19300.765843017754 13994468
19300.76584404744 13995474
19300.765847500556 13999816
19300.76585110338 14006734
19300.765851377397 14008852
19300.765852486355 14009984
19300.765853594767 14010307
19300.765856848207 14010881
19300.765860396506 14010398
19300.76586135552 14008868
19300.765862464363 14005592
19300.76586357278 14000621
19300.76586674454 13992803
19300.765870262163 13997219
19300.76587133308 13998427
19300.76587244228 13999991
19300.765875749457 14004324
19300.76587927748 14016665
19300.765880203275 14018653
19300.765881311356 14019937
19300.765882420033 14020527
19300.765885775334 14020171
19300.76588946999 14022095
19300.765890381284 14023448
19300.765891410974 14025110
19300.765894920565 14029686
19300.765898556005 14029292
19300.76589905015 14029557
19300.76590015902 14030253
19300.7659012676 14030737
19300.765904644675 14028331
19300.765908278056 14020866
19300.76590902801 14019434
19300.765910136877 14018618
19300.76591124531 14017788
19300.765914630163 14013698
19300.765918237754 14009671
19300.765919209894 14007850
19300.76592023935 14005528
19300.765921268947 14002890
19300.765924492327 13997776
19300.76592815176 13985303
19300.76592898488 13983197
19300.765930093672 13981560
19300.76593120257 13980012
19300.76593456427 13975545
19300.76593825698 13977630
19300.76593896295 13981119
19300.765940071633 13983978
19300.76594118007 13986367
19300.765944596737 13995122
19300.765948229156 14002003
19300.765949067743 14003227
19300.765950097244 14004647
19300.765951157708 14006381
19300.765954551665 14012175
19300.76595874845 14010976
19300.7659593611 14008094
19300.765960390625 14004960
19300.765963795868 13997409
19300.765967355765 13991401
19300.76596778831 13990565
19300.765968896056 13990775
19300.76597000478 13991853
19300.765973332094 13993014
19300.765976947547 13988811
19300.76597788824 13987720
19300.765978916806 13986921
19300.76597998221 13985626
19300.76598344016 13978427
19300.76598737029 13974194
19300.765988180672 13974027
19300.76598920993 13974350
19300.76599263815 13978112
19300.765996364906 13979271
19300.76599661171 13978242
19300.765997720056 13977329
19300.765998828425 13977013
19300.766002209177 13981777
19300.766005999976 13987692
19300.766006707952 13989555
19300.766007736584 13991265
19300.766008806077 13992473
19300.766012228472 13990969
19300.76601603999 13980983
19300.766017000326 13977037
19300.76601802949 13972781
19300.766021528136 13963334
19300.766025247165 13967185
19300.76602626375 13971410
19300.766027293103 13976154
19300.766030790037 13989144
19300.7660344439 13989432
19300.766035413042 13986373
19300.76603652178 13983915
19300.766039998623 13982089
19300.766043733576 13980895
19300.76604539126 13978994
19300.766046499408 13978808
19300.766049979793 13980313
19300.766053770105 13981664
19300.766054259235 13981944
19300.766055368043 13982268
19300.766056476517 13982679
19300.76605991134 13985711
19300.766063722243 13991117
19300.766064347627 13992782
19300.766065376363 13994201
19300.76606645366 13995305
19300.766069893045 13996838
19300.766073715095 13997492
19300.76607464045 13997932
19300.766075669653 13998309
19300.766080652582 13999082
19300.76608449007 13996518
19300.766085299754 13995890
19300.76608640803 13995476
19300.766089896584 13994016
19300.76609376067 13991635
19300.766094200186 13991698
19300.76609527743 13992530
19300.766096385396 13994208
19300.766099869143 14002003
19300.76610383147 14011367
19300.766104496655 14014150
19300.76610552618 14016830
19300.76610920293 14024424
19300.766113063495 14035307
19300.766114124373 14038976
19300.766115232338 14041429
19300.766118854655 14040903
19300.766122670484 14034390
19300.766123030924 14032405
19300.766124101945 14030333
19300.76612521094 14029145
19300.766128814248 14031035
19300.76613266655 14030902
19300.766133325535 14028351
19300.766134355024 14024802
19300.7661353845 14020895
19300.766138926807 14010825
19300.766142738725 14004822
19300.766142949262 14003844
19300.766144058252 14003270
19300.76614516669 14002994
19300.766148647734 14002306
19300.766152569202 14000112
19300.7661529308 13999736
19300.766154036217 14000329
19300.76615514466 14002460
19300.766158698578 14017402
19300.766162518474 14023605
19300.766163183263 14023424
19300.766164212535 14022564
19300.76616524206 14021543
19300.766168944618 14017716
19300.76617289471 14004902
19300.766173991204 14001532
19300.76617510021 13998596
19300.766178724363 13992371
19300.76618262618 13989884
19300.76618286097 13989987
19300.76618396935 13990450
19300.76618507818 13990914
19300.766188799284 13991436
19300.766192693725 13988149
19300.766193040938 13984838
19300.766194070577 13981812
19300.766195100034 13979549
19300.766198757083 13977316
19300.76620277323 13976830
19300.766203337167 13972622
19300.76620436625 13967826
19300.766205395812 13963103
19300.76620909486 13956665
19300.766213114166 13967096
19300.766213903644 13968525
19300.76621501235 13971219
19300.766218589062 13981359
19300.76622258727 13985194
19300.766222898288 13986078
19300.766223927825 13986896
19300.76622499038 13988629
19300.766228204153 13996134
19300.766231709746 14007834
19300.76623275147 14005132
19300.76623385971 14000524
19300.76623715781 13989336
19300.76624063596 13995176
19300.76624162043 13998103
19300.76624272934 13999636
19300.766243837803 13999863
19300.766247066655 13999520
19300.766250516263 13993151
19300.766251598623 13992012
19300.76625270743 13991284
19300.766256075265 13995755
19300.76625974493 13999394
19300.76626046837 14000110
19300.766261576886 14000870
19300.766262685396 14001459
19300.766265970928 14003369
19300.7662693891 14007943
19300.766270446413 14007010
19300.766271554687 14005050
19300.766272663597 14002896
19300.76627589508 13999893
19300.766279365635 13995157
19300.766280424177 13994190
19300.766281532513 13993822
19300.76628477657 13993094
19300.766288369814 13994123
19300.766289293624 13996863
19300.766290402375 13999748
19300.766293681645 14006628
19300.766297199967 14011814
19300.76629816329 14012315
19300.76629927222 14012788
19300.766300380776 14013567
19300.7663036461 14017561
19300.76630708118 14023339
19300.766308142487 14023738
19300.766309250754 14023802
19300.766310359628 14023348
19300.7663149645 14021009
19300.766318499318 14020091
19300.766319229362 14023569
19300.766320337756 14027552
19300.76632144655 14031872
19300.7663246483 14039550
19300.766328162303 14037942
19300.766329207363 14035749
19300.766330315822 14033990
19300.766333614607 14033077
19300.76633712427 14037550
19300.766338077152 14037326
19300.76633918574 14036632
19300.7663402939 14036203
19300.76634342955 14036033
19300.76634688588 14037166
19300.766347474502 14680063
19300.766351988506 14035325
19300.766355279713 14034162
19300.766359105786 14027837
19300.766359828332 14026441
19300.766360858473 14025000
19300.766361965958 14023370
19300.766365359308 14021932
19300.76636926035 14025657
19300.766370123863 14027669
19300.766371153437 14029826
19300.76637449258 14032002
19300.766378342745 14028635
19300.76637859544 14027152
19300.766379703935 14025660
19300.766380812096 14023779
19300.766384077742 14018473
19300.766387941527 14004606
19300.766388655753 14000422
19300.766389685265 13996448
19300.76639078985 13992864
19300.766394189006 13983347
19300.76639797875 13971784
19300.766398952244 13968805
19300.766399981792 13966725
19300.76640333361 13964526
19300.76640723235 13962794
19300.766408219282 13961339
19300.766409247928 13959427
19300.76641251587 13956148
19300.76641635845 13960821
19300.7664173983 13962307
19300.766418507035 13963959
19300.766421832002 13972548
19300.766425756898 13992334
19300.76642675044 13996730
19300.76642777994 14000979
19300.766431045937 14009841
19300.76643486214 14015322
19300.766435137026 14018120
19300.76643624566 14019386
19300.766437354374 14018803
19300.766440609535 14012659
19300.766444431087 13997944
19300.766445282872 13994409
19300.766446312326 13991391
19300.766449547373 13987502
19300.76645343236 13989782
19300.766453984816 13989812
19300.76645509265 13988514
19300.766456201378 13986690
19300.76645956617 13982338
19300.76646349469 13974814
19300.76646396191 13973193
19300.766465070126 13972377
19300.766466178866 13971309
19300.766469561655 13966448
19300.766473457872 13962087
19300.766474112246 13961557
19300.766475141354 13961037
19300.766476170695 13960280
19300.766479469665 13957638
19300.766483413463 13957661
19300.766484407686 13959077
19300.766485437092 13960629
19300.76648867006 13964608
19300.76649263882 13966366
19300.76649281557 13966403
19300.766493895557 13964769
19300.766495004074 13962313
19300.766498811445 13958633
19300.766502770857 13955951
19300.766503872732 13955070
19300.766504981588 13954592
19300.766508433633 13956211
19300.766512429724 13961533
19300.766513238068 13963029
19300.766514267652 13963774
19300.766517678934 13964554
19300.76652146119 13971783
19300.76652164751 13975514
19300.76652271912 13979296
19300.766523827893 13982941
19300.76652716705 13993101
19300.76653103965 14001272
19300.76653177104 14002126
19300.766532800266 14001985
19300.7665376155 13998083
19300.766541450474 13985235
19300.766542067373 13982106
19300.76654309619 13979392
19300.766544125647 13977070
19300.766547451596 13970833
19300.76655133396 13971348
19300.76655236257 13972298
19300.76655339227 13973501
19300.766556869898 13976836
19300.766560723565 13984578
19300.766561628392 13986889
19300.766562657664 13990405
19300.766566010916 13994707
19300.766569974767 13991963
19300.76657089525 13991664
19300.76657192478 13992339
19300.766575525206 13997970
19300.766579516585 13995168
19300.766580365616 13991808
19300.766581473494 13988151
19300.76658503042 13979992
19300.766589082326 13976909
19300.76658942866 13976258
19300.76659045825 13976485
19300.766591487478 13977503
19300.76659486095 13977683
19300.76659878257 13975621
19300.76659972507 13976748
19300.766600754272 13978046
19300.766604364504 13981768
19300.766608366954 13985236
19300.76660918855 13985904
19300.766610296378 13986530
19300.76661367956 13987789
19300.766617582718 13990014
19300.766618258207 13990328
19300.766619287755 13989710
19300.76662031708 13988330
19300.766623650554 13993127
19300.766627547026 14004236
19300.766628554396 14005170
19300.76662958374 14004342
19300.766633136816 13993644
19300.766637031633 13980425
19300.766638010267 13980731
19300.7666391189 13981380
19300.766642550057 13980168
19300.766646484582 13980556
19300.76664708206 13980640
19300.766648111334 16777215
19300.7666491406 13980527
19300.766652595383 13981791
19300.766656150405 13986934
19300.76665685491 13988847
19300.766657963657 13990713
19300.76665907234 13992336
19300.766662522223 13993205
19300.76666612263 13994080
19300.766666831783 13994957
19300.76666794013 13995731
19300.766669048913 13995895
19300.766672532 13993743
19300.766676117208 13996794
19300.76667693207 13997101
19300.766677961125 13996801
19300.76667902559 13995954
19300.76668259448 13996097
19300.766686193914 13996946
19300.766687226944 13997029
19300.766688256146 13997005
19300.766691776993 13995671
19300.766695445207 13993137
19300.766695656595 13992590
19300.76669676308 13992268
19300.76669787147 13991770
19300.76670133243 13986602
19300.766704898728 13980700
19300.76670575869 13980057
19300.766706787825 13980579
19300.766707849747 13982379
19300.766711464134 13992001
19300.766715087015 14000864
19300.76671605316 14003437
19300.76671708243 14005500
19300.76672077301 14006696
19300.76672443258 14001689
19300.766725318066 15388369
19300.766726347454 16777215
19300.766727376933 13997276
19300.766730835716 13991221
19300.76673437649 13989042
19300.76673458538 13988308
19300.766735613634 13987554
19300.766736674017 13986918
19300.76674039559 13985815
19300.766744060904 13985513
19300.766744879234 13985509
19300.766745908717 13985389
19300.766746938567 13985314
19300.76675052545 13985831
19300.76675420793 13986355
19300.766755173878 13986536
19300.76675620332 13986721
19300.766760048045 13987664
19300.766763673575 13988097
19300.766764438795 13988664
19300.766765497847 13989249
19300.766766606943 13989471
19300.766770266735 13989098
19300.766773936528 13988990
19300.766774733936 13988434
19300.766775763543 13987484
19300.766776792894 13985990
19300.766780464794 13979015
19300.766784289015 13980934
19300.76678502917 13984949
19300.766786058448 13988921
19300.766787087905 13992280
19300.766790729424 13998164
19300.766794364397 13996127
19300.76679543287 13994511
19300.766800360798 13988192
19300.766804034803 13985181
19300.766809202312 13984548
19300.76680973713 13984474
19300.766813425867 13985531
19300.76681706057 13989151
19300.766818099084 13990271
19300.766819207405 13991260
19300.766822780868 13993713
19300.766826561772 13996263
19300.766827238378 13997017
19300.766828267617 13997632
19300.7668292972 13998034
19300.766832826204 13999096
19300.766836545557 14000105
19300.766837533472 13999374
19300.76683856294 13997570
19300.76684219465 13989157
19300.766846000322 13987775
19300.76684692337 13988821
19300.76684803169 13989957
19300.76685163721 13992092
19300.766855325823 13996820
19300.76685606499 13998571
19300.76685709449 14000021
19300.766858123912 14001050
19300.76686174 13995786
19300.766865431124 13980743
19300.766866360427 13977114
19300.766867389964 13974160
19300.766871077638 13969843
19300.76687475103 13974185
19300.76687574712 13974461
19300.766876855254 13973913
19300.766880465984 13967206
19300.766884288474 13960446
19300.766884891946 13958827
19300.76688592135 13956999
19300.766886950612 13954736
19300.766890454965 13948532
19300.766894109678 13951629
19300.766894592398 13953810
19300.76689570105 13956067
19300.766896809422 13958246
19300.766900402872 13965616
19300.76690426287 13974615
19300.76690457029 13978031
19300.766905678265 13981731
19300.766906786957 13985197
19300.766910368275 13989946
19300.766914126074 13988538
19300.76691475101 13988015
19300.766915780812 13988309
19300.76691681051 13989567
19300.766920519596 13993048
19300.76692444258 13989939
19300.766925049305 13986401
19300.766926078646 13981794
19300.76692710845 13977923
19300.766930833637 13967488
19300.766934676816 13956612
19300.76693561118 13953766
19300.766936719363 13951720
19300.76694043523 13956578
19300.766944325973 13968106
19300.7669446158 13971247
19300.766945645533 13973955
19300.766946697222 13976688
19300.76695056514 13983744
19300.76695444552 13985140
19300.76695491375 13986416
19300.76695594384 13987388
19300.76695697354 13987876
19300.766960718982 13985559
19300.766964641665 13974342
19300.76696554346 13969212
19300.766966652165 13966472
19300.766970336645 13967967
19300.766974231727 13959773
19300.76697447619 13958356
19300.76697552117 13959523
19300.766976629468 13961709
19300.766980353437 13968788
19300.766984272406 13980375
19300.76698477163 13983076
19300.766985801332 13987604
19300.76698683087 13992534
19300.766990485692 13991663
19300.766994412617 14005329
19300.766995475995 14010514
19300.76699658492 14014607
19300.767000424654 14021426
19300.767004374327 14019106
19300.767005452984 14017806
19300.76700656133 14016710
19300.767010362164 14018116
19300.767014177953 14024574
19300.767014627905 14021521
19300.7670156575 14014388
19300.767016687 14006639
19300.767020439896 13992158
19300.767025739595 13986112
19300.767026515474 13984838
19300.767030250427 13982950
19300.76703414222 13986568
19300.767034327 13985976
19300.767035384342 13983962
19300.767036492594 13980563
19300.76703990633 13964107
19300.767043608343 13966138
19300.767044484353 13966406
19300.767045513956 13963994
19300.767046542915 13960848
19300.767050136492 13952838
19300.7670541353 13937819
19300.767054779582 13931449
19300.767055808647 13926642
19300.767059407233 13927312
19300.767062999977 13932917
19300.767063181807 13935786
19300.76706420654 13939575
19300.76706531507 13943840
19300.76706871721 13953967
19300.767072164548 13959555
19300.76707307516 13961757
19300.767074183033 13964570
19300.767075291136 13967959
19300.767078841644 13979921
19300.767082455233 13990094
19300.767083051167 13992872
19300.767084159525 13995589
19300.767085267962 13998343
19300.76708883699 14005937
19300.767092449365 14007631
19300.767093027534 14006883
19300.767094136114 14005682
19300.767095244653 14004246
19300.767098720233 13999666
19300.767102391528 13996035
19300.76710316302 13995088
19300.767104192557 13994002
19300.767105221632 13992806
19300.76710858398 13990061
19300.767112124075 13988079
19300.767112980382 13987012
19300.767114088714 13985283
19300.767115197305 13982900
19300.767118616193 13973748
19300.76712231337 13971112
19300.767122957037 13971596
19300.767124065507 13971761
19300.767125174214 13971406
19300.767128727708 13970387
19300.7671323126 13970762
19300.767133018762 13970073
19300.76713404802 13969197
19300.767135151033 13968468
19300.767138651445 13966762
19300.767142179826 13964425
19300.767142910903 13963822
19300.76714401949 13962833
19300.767145127826 13961970
19300.767148681505 13964633
19300.767152398275 13971323
19300.76715288838 13972990
19300.767153996214 13974258
19300.767155104815 13974969
19300.76715876132 13975557
19300.767162387187 13977000
19300.767162867916 13976714
19300.76716397353 13974005
19300.7671650819 13969680
19300.767168978193 13968895
19300.767172683725 13975008
19300.76717315838 13977127
19300.767174187153 13978561
19300.767175216228 13978575
19300.767178902363 13973914
19300.767182553158 13965151
19300.767183448912 13962324
19300.76718447779 13960484
19300.76718550676 13959380
19300.767189050683 13955516
19300.76719288007 13950788
19300.767193904525 13950322
19300.767195012733 13949971
19300.767198501206 13953552
19300.76720216752 13960893
19300.76720300389 13964627
19300.767204033193 13965585
19300.76720506264 13965677
19300.76720866838 13966276
19300.76721248794 13972189
19300.767213298877 13974484
19300.767214328505 13976438
19300.767218086658 13981351
19300.767221810984 13978557
19300.76722272542 13980073
19300.767223833853 13981311
19300.767227643217 13981837
19300.767231476664 13974599
19300.76723183177 13971749
19300.76723285941 13969166
19300.767233888913 13967627
19300.7672375944 13967529
19300.767241384005 13969533
19300.7672421253 13966967
19300.7672431547 13964517
19300.767244184608 13962419
19300.767247881005 13955122
19300.76725308281 13945512
19300.76725376344 13947721
19300.767257411517 13952328
19300.767261170196 13945465
19300.76726168536 13942329
19300.76726271399 13940636
19300.767263743506 13941118
19300.767267369585 13946853
19300.76727118044 13951567
19300.767271979457 13952468
19300.767273008936 13953870
19300.767276678125 13958480
19300.76728040729 13971408
19300.767281475044 13970129
19300.767282583136 13967857
19300.76728615419 13952547
19300.76728992024 13941003
19300.767290510037 13940814
19300.7672915395 13942390
19300.76729256845 13945110
19300.767296297847 13955333
19300.76730006529 13947817
19300.76730080457 13945182
19300.76730183382 13945549
19300.76730286366 13947791
19300.767306497753 13952742
19300.76731017404 13955873
19300.767311099273 13954382
19300.767312128566 13952684
19300.767315947396 13948384
19300.767319658575 13949775
19300.7673203644 13949814
19300.76732139315 13948084
19300.767322485695 13946301
19300.76732615956 13943695
19300.767329894745 13944486
19300.76733065867 13946491
19300.76733168808 13949874
19300.767332719177 13953654
19300.767336392313 13960261
19300.767340155868 13959919
19300.76734095281 13959023
19300.76734198204 13957919
19300.767343011492 13956725
19300.767346621044 13953068
19300.76735045302 13952777
19300.7673513058 13953117
19300.767352414132 13953392
19300.767355972952 13954815
19300.76735966874 13954624
19300.767360512826 13953693
19300.76736154205 13953443
19300.767362571594 13954038
19300.767366270567 13964291
19300.76737007575 13974602
19300.76737080766 13803281
19300.767371837082 16777215
19300.76737286677 13974660
19300.767376503336 13975746
19300.767380378402 13977335
19300.767381235277 13977598
19300.767382343667 13978101
19300.767386145704 13974622
19300.76738999442 13965371
19300.767390366935 13964914
19300.767391395882 13965757
19300.767392425474 13966652
19300.76739614647 13967272
19300.767399910488 13972347
19300.767400661283 13974385
19300.767401690835 13976341
19300.76740272043 13978229
19300.76740660279 13981988
19300.76741049027 13986510
19300.767411164226 13988563
19300.767412272846 13990256
19300.767416176946 13992623
19300.7674200106 13990490
19300.767420225035 13989562
19300.767421253946 13990097
19300.76742228307 13991028
19300.767426113278 13993103
19300.767429964017 13996350
19300.767430520744 13996550
19300.767431549386 13996312
19300.7674325787 13996197
19300.767436316735 13997651
19300.767440125488 13990104
19300.76744109382 13989326
19300.767442202698 13989008
19300.76744602727 13990753
19300.76744998441 13992290
19300.76745107037 13993810
19300.767452178632 13995358
19300.767455511716 13997292
19300.767458922466 14005926
19300.767459937848 14008914
19300.767461046195 14011075
19300.767462154814 14011260
19300.767465474826 14005633
19300.767468844828 13996530
19300.76746991402 13995929
19300.76747102353 13995701
19300.767472130545 13995524
19300.767476726505 13994922
19300.7674801986 13993472
19300.767480998045 13993332
19300.76748210669 13993414
19300.767483215175 13994016
19300.767486529712 13995035
19300.76748993154 13995169
19300.76749097441 13994893
19300.7674920825 13994495
19300.767493191343 13994027
19300.767496542478 13993617
19300.76749998271 13997478
19300.767500950173 13999207
19300.767502058323 14000698
19300.767503167408 14001802
19300.76750646823 14001886
19300.767509832185 13996762
19300.767510925914 13995191
19300.767512034723 13993191
19300.767513143044 13990898
19300.767516464435 13985701
19300.76751981885 13968977
19300.767520901896 13964361
19300.76752201029 13960516
19300.76752311919 13957386
19300.76752642053 13952410
19300.767529780893 13943949
19300.767530878427 13942438
19300.767531986945 13941677
19300.767533095383 13941800
19300.76753646728 13949140
19300.76753993 13955413
19300.76754086023 13954798
19300.767541963898 13954082
19300.767543072106 13953605
19300.767546785555 13952641
19300.76755020045 13953150
19300.767550958633 13955525
19300.76755198773 13957913
19300.767553048507 13959659
19300.76755633384 13961275
19300.767559685162 13957652
19300.767560222896 13956598
19300.767561252047 13955685
19300.767562281122 13954767
19300.767565515 13956070
19300.767568813935 13959401
19300.767569676493 13960384
19300.76757078486 13961738
19300.767571893415 13963510
19300.76757525331 13967626
19300.767578602175 13971992
19300.76757965323 13973244
19300.767580761483 13973686
19300.767581869954 13972906
19300.76758513692 13970713
19300.767588477465 13973963
19300.76758904108 13975528
19300.767590070103 13976598
19300.767591099248 13977643
