area_per_mol,surface_pressure,sdt,barrier_pos,cell2_value,force_value,surface_tension,surface_area,mave1,mave2,"tare_offset1, tare_offset2"
1,67.07579411277997,19316.652667665938,0,66638.20999999996,0.16457960880000005,5.674205887220022,1,5.674205887220022,66638.20999999996,372638.38,6245698.79
1,67.3516499987069,19316.652672093034,0,65514.20999999996,0.15657968880000006,5.398350001293089,1,5.536277944256556,66076.20999999996,372638.38,6245698.79
1,69.42464081675193,19316.652678754803,0,64393.20999999996,0.09646220880000006,3.325359183248072,1,4.799305023920394,65515.20999999996,372638.38,6245698.79
1,73.6688515782735,19316.65268540492,0,64671.20999999996,-0.02662143119999993,-0.9188515782735086,1,3.3697658733719185,65304.20999999996,372638.38,6245698.79
1,76.69257818028811,19316.652692053947,0,54785.20999999996,-0.11431059119999992,-3.9425781802881037,1,1.907297062639914,63200.40999999996,372638.38,6245698.79
1,79.41398301802116,19316.652697597903,0,52524.20999999996,-0.19323231119999992,-6.663983018021153,1,0.4787503825297363,61421.0433333333,372638.38,6245698.79
1,79.26587589107514,19316.65270425836,0,51260.20999999996,-0.18893715119999993,-6.515875891075143,1,-0.5204819422709608,59969.49571428568,372638.38,6245698.79
1,83.24491890985146,19316.65271089824,0,52780.20999999996,-0.30433083119999993,-10.49491890985146,1,-1.7672865632185233,59070.83499999996,372638.38,6245698.79
1,87.81639043641182,19316.652717557627,0,57094.20999999996,-0.4369051511999999,-15.066390436411819,1,-3.244964771351112,58851.20999999996,372638.38,6245698.79
1,90.03443462620808,19316.65272309861,0,61587.20999999996,-0.5012292312,-17.284434626208085,1,-4.648911756836808,59124.80999999996,372638.38,6245698.79
1,90.14691460921519,19316.652728642337,0,63948.20999999996,-0.5044911911999999,-17.39691460921519,1,-5.807821107053025,59563.300909090874,372638.38,6245698.79
1,87.50287156974947,19316.65273529147,0,61444.20999999996,-0.42781299119999994,-14.752871569749475,1,-6.553241978944396,59720.0433333333,372638.38,6245698.79
1,84.33969014717403,19316.652741954756,0,59392.20999999996,-0.3360795911999999,-11.58969014717403,1,-6.940661068808213,59694.825384615346,372638.38,6245698.79
1,80.44004476346156,19316.652748604767,0,58450.20999999996,-0.22298847119999993,-7.690044763461554,1,-6.994188475569167,59605.924285714245,372638.38,6245698.79
1,76.76688622336067,19316.652755251125,0,56066.20999999996,-0.11646555119999992,-4.016886223360673,1,-6.7957016587552665,59369.94333333329,372638.38,6245698.79
1,76.15969789880194,19316.652760795034,0,55064.20999999996,-0.09885687119999993,-3.409697898801943,1,-6.584076423758185,59100.83499999996,372638.38,6245698.79
1,78.64850838253386,19316.652767457523,0,54135.20999999996,-0.17103327119999992,-5.898508382533869,1,-6.54374889192146,58808.73941176467,372638.38,6245698.79
1,81.97455674883001,19316.6527730117,0,53150.20999999996,-0.2674898711999999,-9.22455674883001,1,-6.692682661749713,58494.37666666663,372638.38,6245698.79
1,85.71846061760957,19316.652778554977,0,52964.20999999996,-0.37606443119999994,-12.968460617609571,1,-7.022986764689707,58203.315263157856,372638.38,6245698.79
1,90.71745787143676,19316.65278519516,0,54125.20999999996,-0.5210371511999999,-17.967457871436768,1,-7.57021032002706,57999.40999999996,372638.38,6245698.79
1,92.15577656817018,19316.652791840013,0,53020.20999999996,-0.5627489111999999,-19.405776568170186,1,-8.824209442796569,57318.509999999966,372638.38,6245698.79
1,93.36964425808851,19316.65279851374,0,51950.20999999996,-0.5979515111999999,-20.619644258088517,1,-10.125109155765651,56640.30999999996,372638.38,6245698.79
1,94.53465186489063,19316.652805154525,0,53487.20999999996,-0.6317371511999998,-21.784651864890638,1,-11.380609708172585,56095.009999999966,372638.38,6245698.79
1,93.63582991923204,19316.65281179917,0,55581.20999999996,-0.6056709911999999,-20.885829919232034,1,-12.37895862522051,55640.509999999966,372638.38,6245698.79
1,92.68916580885548,19316.652818476032,0,57999.20999999996,-0.5782173911999999,-19.939165808855474,1,-13.178788006648878,55801.20999999996,372638.38,6245698.79
1,90.70778764665334,19316.652825116147,0,61128.20999999996,-0.5207567111999999,-17.957787646653347,1,-13.743478238080488,56231.40999999996,372638.38,6245698.79
1,85.08073474110321,19316.652831761596,0,63885.20999999996,-0.3575701511999999,-12.330734741103209,1,-14.034221180581891,56862.65999999996,372638.38,6245698.79
1,80.61818048315607,19316.652838421032,0,66072.20999999996,-0.22815447119999993,-7.868180483156069,1,-13.902884259247122,57527.259999999966,372638.38,6245698.79
1,76.9582548822325,19316.652845076067,0,67835.20999999996,-0.12201531119999992,-4.208254882232493,1,-13.359977481538158,58064.30999999996,372638.38,6245698.79
1,75.65633725086516,19316.652851720948,0,67517.20999999996,-0.08425923119999992,-2.9063372508651586,1,-12.64107261277101,58360.80999999996,372638.38,6245698.79
1,76.408069987976,19316.65285838044,0,66381.20999999996,-0.10605975119999993,-3.6580699879760084,1,-11.954130381709051,58482.45999999996,372638.38,6245698.79
1,75.46089691840032,19316.652865035612,0,66252.20999999996,-0.07859139119999993,-2.7108969184003207,1,-11.352031649141592,58722.859999999964,372638.38,6245698.79
1,71.9816518331669,19316.652871680195,0,67740.20999999996,0.022307968800000067,0.7683481668331037,1,-10.734129733441236,59140.259999999966,372638.38,6245698.79
1,71.99335789474682,19316.652878340523,0,67728.20999999996,0.021968488800000067,0.7566421052531784,1,-10.3117953900055,59604.15999999996,372638.38,6245698.79
1,66.03395463216664,19316.652883897637,0,64926.20999999996,0.19479332880000005,6.716045367833366,1,-9.775148810445799,60047.15999999996,372638.38,6245698.79
1,64.10754406347024,19316.65289053477,0,69757.20999999996,0.25065992880000004,8.642455936529755,1,-9.172541118679213,60781.80999999996,372638.38,6245698.79
1,66.1082626752392,19316.65289718147,0,73130.20999999996,0.19263836880000007,6.641737324760798,1,-8.54552883331448,61731.55999999996,372638.38,6245698.79
1,69.26635450582337,19316.65290385737,0,71288.20999999996,0.10105256880000006,3.483645494176626,1,-7.910118721164148,62638.45999999996,372638.38,6245698.79
1,67.92677389372062,19316.65291049433,0,63071.20999999996,0.13990088880000007,4.823226106279372,1,-7.0205343849697,63143.80999999996,372638.38,6245698.79
1,68.28559012910529,19316.652917143205,0,62632.20999999996,0.12949508880000007,4.464409870894708,1,-5.898940997853126,63569.15999999996,372638.38,6245698.79
1,71.03295188599382,19316.652923778136,0,58250.20999999996,0.04982060880000007,1.717048114006173,1,-4.842799763744308,63830.65999999996,372638.38,6245698.79
1,78.53704631792502,19316.652931559063,0,55116.20999999996,-0.16780083119999992,-5.787046317925016,1,-4.101169866736134,63988.95999999996,372638.38,6245698.79
1,83.35892577045595,19316.65293822028,0,54324.20999999996,-0.3076370711999999,-10.608925770455947,1,-3.5423835620144004,64030.80999999996,372638.38,6245698.79
1,84.37989792390508,19316.652944872174,0,53735.20999999996,-0.3372456311999999,-11.629897923905077,1,-3.079586962248052,63938.509999999966,372638.38,6245698.79
1,89.39976250489649,19316.652951517848,0,56275.20999999996,-0.4828235111999999,-16.649762504896486,1,-2.9151167970501026,63852.30999999996,372638.38,6245698.79
1,91.66666677780896,19316.652958180104,0,54732.20999999996,-0.5485645511999999,-18.916666777808963,1,-2.9630607536078832,63532.509999999966,372638.38,6245698.79
1,90.90119214232168,19316.65296483177,0,53432.20999999996,-0.5263655111999999,-18.151192142321676,1,-3.2540836236688064,63009.859999999964,372638.38,6245698.79
1,88.9020004081501,19316.652971477648,0,53068.20999999996,-0.4683882311999999,-16.1520004081501,1,-3.6682746199185083,62359.65999999996,372638.38,6245698.79
1,87.03564702495072,19316.652978139202,0,52031.20999999996,-0.41426331119999993,-14.28564702495072,1,-4.17214422705442,61569.45999999996,372638.38,6245698.79
1,84.30253612563774,19316.65298477868,0,52441.20999999996,-0.3350021111999999,-11.552536125637745,1,-4.6044541707930495,60815.65999999996,372638.38,6245698.79
1,82.98687659589397,19316.652991442545,0,53678.20999999996,-0.2968475111999999,-10.236876595893978,1,-4.933394501188948,60180.509999999966,372638.38,6245698.79
1,80.35453961800819,19316.652998104444,0,54189.20999999996,-0.22050879119999992,-7.604539618008187,1,-5.178076636169341,59577.359999999964,372638.38,6245698.79
1,76.85086449121665,19316.653004740754,0,58779.20999999996,-0.11890095119999992,-4.100864491216658,1,-5.421537269071829,59129.30999999996,372638.38,6245698.79
1,68.94214749597936,19316.65301139052,0,61894.20999999996,0.11045468880000006,3.8078525040206417,1,-5.268976749133456,58837.609999999964,372638.38,6245698.79
1,63.70343045936326,19316.653018039942,0,65163.20999999996,0.26237936880000007,9.046569540636739,1,-5.1524505404932865,58849.45999999996,372638.38,6245698.79
1,63.636756804277596,19316.653024702653,0,55573.20999999996,0.26431292880000007,9.1132431957224,1,-5.128911177533654,58140.259999999966,372638.38,6245698.79
1,66.70323597901888,19316.653032446517,0,44093.20999999996,0.17538392880000006,6.0467640209811195,1,-5.158659842722639,56688.40999999996,372638.38,6245698.79
1,66.97603810975104,19316.65303912002,0,48783.20999999996,0.16747256880000005,5.773961890248949,1,-5.044144022919022,55563.15999999996,372638.38,6245698.79
1,68.68715893721664,19316.653045773288,0,52241.20999999996,0.11784944880000006,4.06284106278336,1,-5.082163275093823,55021.65999999996,372638.38,6245698.79
1,71.23195493285256,19316.653052402038,0,52583.20999999996,0.044049448800000064,1.5180450671474444,1,-5.2294815152811855,54519.20999999996,372638.38,6245698.79
1,74.03835595683984,19316.653059079505,0,48603.20999999996,-0.03733719119999993,-1.2883559568398437,1,-5.379751718823487,54036.859999999964,372638.38,6245698.79
1,73.89839217707987,19316.6530657289,0,49422.20999999996,-0.03327819119999993,-1.1483921770798682,1,-5.147819011781229,53752.15999999996,372638.38,6245698.79
1,69.41038995917637,19316.65307236565,0,57353.20999999996,0.09687548880000006,3.339610040823633,1,-4.4503922212172515,53903.609999999964,372638.38,6245698.79
1,69.54475518774595,19316.65308013271,0,62330.20999999996,0.09297884880000007,3.205244812254057,1,-3.708635084409294,54333.359999999964,372638.38,6245698.79
1,68.15529657412873,19316.65308677794,0,63530.20999999996,0.13327364880000006,4.594703425871266,1,-2.646411787870907,54696.109999999964,372638.38,6245698.79
1,71.80962362386191,19316.653093445046,0,62713.20999999996,0.027296848800000068,0.9403763761380916,1,-1.6535596301735538,55095.15999999996,372638.38,6245698.79
1,75.18198727727862,19316.65310009521,0,64804.20999999996,-0.07050291119999993,-2.4319872772786244,1,-0.8675993869214012,55663.759999999966,372638.38,6245698.79
1,76.18056522596616,19316.653106741644,0,67915.20999999996,-0.09946203119999993,-3.4305652259661574,1,-0.2315276278122039,56406.109999999964,372638.38,6245698.79
1,83.1782452547658,19316.653113404907,0,66360.20999999996,-0.30239727119999993,-10.428245254765798,1,-0.03865753930295801,57122.55999999996,372638.38,6245698.79
1,87.64436222710683,19316.65312005441,0,66647.20999999996,-0.4319162711999999,-14.894362227106832,1,-0.20574884437641217,57832.859999999964,372638.38,6245698.79
1,90.15200420120647,19316.653126700916,0,65524.20999999996,-0.5046387911999999,-17.402004201206463,1,-0.5640052246420362,58425.15999999996,372638.38,6245698.79
1,92.6708432776869,19316.65313336324,0,65952.20999999996,-0.5776860312,-19.920843277686895,1,-1.179820407625972,59013.30999999996,372638.38,6245698.79
1,92.76500072952543,19316.653140015485,0,68442.20999999996,-0.5804166311999999,-20.015000729525422,1,-1.97552721954141,59496.45999999996,372638.38,6245698.79
1,86.95879418588251,19316.653146650267,0,71654.20999999996,-0.41203455119999993,-14.208794185882516,1,-2.876359554036568,59984.45999999996,372638.38,6245698.79
