area_per_mol,surface_pressure,sdt,barrier_pos,cell2_value,force_value,surface_tension,surface_area,mave1,mave2,"tare_offset1, tare_offset2"
1,72.87333817085356,19316.916570822443,0,104.09814790425011,-0.0035512559999945014,-0.1233381708535515,1,-0.1233381708535515,104.09814790425011,4912695.4,6093280.08
1,72.66924553200356,19316.916578568635,0,104.67021804406906,0.0023675040000054985,0.08075446799644896,1,-0.02129185142855127,104.38418297415959,4912695.4,6093280.08
1,72.50637858828286,19316.916588564083,0,104.93080515402218,0.007090704000005498,0.24362141171714755,1,0.067012569620015,104.56639036744711,4912695.4,6093280.08
1,72.42036448363037,19316.916597427557,0,104.75725006711981,0.009585144000005498,0.3296355163696415,1,0.13266830630742163,104.61410529236528,4912695.4,6093280.08
1,72.44479452518846,19316.91660853397,0,105.21225959113951,0.008876664000005498,0.30520547481153676,1,0.16717574000824467,104.73373615212013,4912695.4,6093280.08
1,72.20761953839519,19316.916619622672,0,105.48658859946906,0.015754824000005496,0.542380461604804,1,0.2297098602743379,104.85921156001162,4912695.4,6093280.08
1,72.22797790636028,19316.91662738435,0,105.1445680176556,0.015164424000005498,0.5220220936397167,1,0.2714687507551063,104.89997676824647,4912695.4,6093280.08
1,72.54964012020866,19316.916637366412,0,104.64171632891794,0.005836104000005498,0.200359879791337,1,0.26258014188463513,104.86769421333042,4912695.4,6093280.08
1,72.67789783838872,19316.916642926204,0,104.12664961940123,0.0021165840000054986,0.07210216161128684,1,0.24141592185426308,104.78535592511606,4912695.4,6093280.08
1,73.50190278177563,19316.916658449885,0,102.88020854073876,-0.0217798559999945,-0.7519027817756228,1,0.1420840514912745,104.59484118667834,4912695.4,6093280.08
1,73.4301395346987,19316.916668415382,0,103.19729012179499,-0.0196986959999945,-0.6801395346986898,1,0.06733645274673229,104.46779108987076,4912695.4,6093280.08
1,73.10847732085031,19316.916676176945,0,103.5510167651884,-0.010370375999994502,-0.35847732085031014,1,0.03185197161364542,104.39139322948057,4912695.4,6093280.08
1,73.08557415688959,19316.916683956228,0,103.39273045425983,-0.009706175999994501,-0.33557415688958686,1,0.003588423267242936,104.31457301600206,4912695.4,6093280.08
1,72.72777583990317,19316.916695044398,0,103.89965381659052,0.0006701040000054985,0.022224160096822883,1,0.004919547326498646,104.2849359303298,4912695.4,6093280.08
1,72.73999086068223,19316.916703906445,0,104.02892945316881,0.0003158640000054985,0.010009139317770486,1,0.005258853459250102,104.2678688318524,4912695.4,6093280.08
1,72.71047122713286,19316.916715005045,0,104.26508652156383,0.0011719440000054985,0.03952877286714711,1,0.007400723422243682,104.26769493745937,4912695.4,6093280.08
1,72.7618761062447,19316.916726091597,0,104.47325083400685,-0.00031881599999450145,-0.01187610624469839,1,0.006266792265364737,104.27978646078569,4912695.4,6093280.08
1,73.03366031857861,19316.916736083982,0,104.4386416084662,-0.008200655999994502,-0.2836603185786142,1,-0.009840269448189646,104.28861174676794,4912695.4,6093280.08
1,72.92932368275754,19316.91674606,0,104.54654095868116,-0.005174855999994501,-0.17932368275754165,1,-0.018760449096050277,104.30218696844759,4912695.4,6093280.08
1,72.6514319600341,19316.91675715536,0,104.86311358053827,0.0028841040000054984,0.09856803996590036,1,-0.012894024642952745,104.33023329905211,4912695.4,6093280.08
1,72.53589822183223,19316.91676712302,0,104.95269039958465,0.0062346240000054984,0.21410177816777093,1,0.0039779728081133624,104.37296042381884,4912695.4,6093280.08
1,72.64481549044545,19316.916777119826,0,104.48444793638764,0.0030759840000054986,0.10518450955455375,1,0.005199474886018606,104.36367191843479,4912695.4,6093280.08
1,72.7170876967215,19316.916788205497,0,104.05641324992169,0.0009800640000054985,0.03291230327849373,1,-0.005335980535914081,104.31995232322974,4912695.4,6093280.08
1.626829268292683e-13,71.5317217219543,19316.917014455543,2000,103.63143231865048,0.035356104000005495,1.2182782780457033,1,0.039096157547889004,104.26366143580628,4912695.4,6093280.08
1.626829268292683e-13,71.75871752476502,19316.917022224294,2000,104.03554592275748,0.028773144000005496,0.9912824752349796,1,0.07340000756906115,104.20482575238717,4912695.4,6093280.08
1.626829268292683e-13,72.06409304424133,19316.91702999271,2000,104.21520852004936,0.019917144000005497,0.6859069557586698,1,0.08057633227675443,104.14125674841617,4912695.4,6093280.08
1.626829268292683e-13,72.50841442507937,19316.917037760708,2000,104.19637702968166,0.007031664000005498,0.2415855749206388,1,0.06655450634080054,104.0938471990175,4912695.4,6093280.08
1.626829268292683e-13,72.63310942886552,19316.91704550402,2000,104.4350788940723,0.003415464000005498,0.11689057113447895,1,0.06238104090795764,104.0835153272752,4912695.4,6093280.08
1.626829268292683e-13,72.66720969520705,19316.91705327501,2000,104.78524282307181,0.0024265440000054983,0.08279030479295768,1,0.06291544806704116,104.11644498745875,4912695.4,6093280.08
1.626829268292683e-13,72.78019863741328,19316.917062148448,2000,104.83512082458627,-0.0008501759999945015,-0.030198637413276986,1,0.09900065528515847,104.2141906016511,4912695.4,6093280.08
1.626829268292683e-13,72.76900153503247,19316.91707101331,2000,104.85191647815748,-0.0005254559999945015,-0.019001535032478954,1,0.13205755526846902,104.29692191946924,4912695.4,6093280.08
1.626829268292683e-13,72.74355357507612,19316.91707878876,2000,105.03717762663976,0.0002125440000054985,0.0064464249238802025,1,0.15030374255717852,104.37122996254179,4912695.4,6093280.08
1.626829268292683e-13,72.59951812172312,19316.917086551875,2000,105.37003694286895,0.004389624000005498,0.15048187827687304,1,0.17460654431550152,104.47009528697227,4912695.4,6093280.08
1.626829268292683e-13,72.46769768914919,19316.91709541499,2000,105.674394543947,0.008212464000005498,0.28230231085081353,1,0.18761045185320108,104.55883232334008,4912695.4,6093280.08
1.626829268292683e-13,72.43308846360854,19316.91710429258,2000,105.66726911515923,0.009216144000005498,0.31691153639146197,1,0.2029555717068856,104.6407493064396,4912695.4,6093280.08
1.626829268292683e-13,72.5017979554907,19316.917112049086,2000,105.62909717522467,0.007223544000005498,0.2482020445092922,1,0.21338923528899287,104.70894983912265,4912695.4,6093280.08
1.626829268292683e-13,72.52826383384532,19316.917120936054,2000,105.65352721678278,0.0064560240000054985,0.2217361661546787,1,0.2250698489089617,104.76796365826144,4912695.4,6093280.08
1.626829268292683e-13,72.55574763059819,19316.917128689085,2000,105.59092523529014,0.005658984000005498,0.19425236940181076,1,0.248965483307983,104.82557783960264,4912695.4,6093280.08
1.626829268292683e-13,72.58323142735105,19316.9171364705,2000,105.60364921526832,0.004861944000005498,0.1667685726489429,1,0.2662700960783072,104.878433252432,4912695.4,6093280.08
1.626829268292683e-13,72.627001918476,19316.9171442161,2000,105.57362062251983,0.0035925840000054984,0.12299808152400515,1,0.26749159815621243,104.91395860453108,4912695.4,6093280.08
1.626829268292683e-13,72.64837820483933,19316.91715198476,2000,105.53239492739051,0.0029726640000054985,0.10162179516066347,1,0.2618675990058571,104.94294383092138,4912695.4,6093280.08
1.626829268292683e-13,72.63158255126814,19316.917159753553,2000,105.49778570184986,0.0034597440000054985,0.11841744873186051,1,0.2625292459647224,104.99361071919448,4912695.4,6093280.08
1.626829268292683e-13,72.65957530722014,19316.917168618253,2000,105.38021612685148,0.0026479440000054984,0.09042469277986544,1,0.26540486543979097,105.05980086304096,4912695.4,6093280.08
1.626829268292683e-13,72.71606977832325,19316.917176387116,2000,105.17154285520934,0.0010095840000054984,0.03393022167674809,1,0.20618746262134321,105.13680638986891,4912695.4,6093280.08
1.626829268292683e-13,72.81175410775916,19316.917187485637,2000,105.02750740185635,-0.0017652959999945013,-0.06175410775916234,1,0.15353563347163618,105.18640446382385,4912695.4,6093280.08
1.626829268292683e-13,72.67535304239308,19316.91719634735,2000,105.35833088128902,0.0021903840000054983,0.07464695760692275,1,0.12297263356404882,105.24356058188584,4912695.4,6093280.08
1.626829268292683e-13,72.53131758904009,19316.91720411543,2000,105.40413720921046,0.006367464000005498,0.21868241095991556,1,0.12182747536601266,105.30394859086228,4912695.4,6093280.08
1.626829268292683e-13,72.56439993698335,19316.917211869408,2000,105.35171441170036,0.005408064000005498,0.18560006301664866,1,0.12526294996012113,105.34978036674367,4912695.4,6093280.08
1.626829268292683e-13,72.58424934574931,19316.917219643692,2000,105.29369306299986,0.004832424000005498,0.16575065425068852,1,0.12941096743300767,105.37520287874008,4912695.4,6093280.08
1.626829268292683e-13,72.55625658979731,19316.917227395163,2000,105.30387224698241,0.005644224000005498,0.1937434102026836,1,0.1406080698138057,105.39864044985988,4912695.4,6093280.08
1.626829268292683e-13,72.52571903784968,19316.917235175984,2000,105.25755695986183,0.006529824000005498,0.2242809621503146,1,0.1527721946729454,105.4189224739451,4912695.4,6093280.08
1.626829268292683e-13,72.53080862984096,19316.91724292164,2000,104.99493401311221,0.006382224000005498,0.21919137015904275,1,0.1634094419347035,105.41681029326871,4912695.4,6093280.08
1.626829268292683e-13,72.6493961232376,19316.9172506934,2000,104.39843383173515,0.002943144000005498,0.10060387676240909,1,0.16091554185898033,105.36823013771205,4912695.4,6093280.08
1.626829268292683e-13,73.06165307453061,19316.917259569007,2000,104.16736635533141,-0.009012455999994501,-0.31165307453060925,1,0.13121777258990913,105.29287872828127,4912695.4,6093280.08
1.626829268292683e-13,72.82905872052949,19316.9172673269,2000,104.57300683703578,-0.0022671359999945013,-0.07905872052948656,1,0.11141925974386171,105.23816561437509,4912695.4,6093280.08
1.626829268292683e-13,72.6493961232376,19316.91727620039,2000,104.60354438898341,0.002943144000005498,0.10060387676240909,1,0.10403935135651754,105.18688797506302,4912695.4,6093280.08
1.626829268292683e-13,72.59290165213447,19316.91728507162,2000,104.17703658011483,0.004581504000005498,0.1570983478655264,1,0.10080746044205997,105.1130634432296,4912695.4,6093280.08
1.626829268292683e-13,73.2357171206321,19316.91729505331,2000,103.38967669906508,-0.0140603759999945,-0.48571712063210587,1,0.06680898594036412,105.00300101641838,4912695.4,6093280.08
1.626829268292683e-13,73.32020434768722,19316.917303916005,2000,103.34387037114362,-0.0165105359999945,-0.5702043476872183,1,0.029960339923556067,104.89001207421215,4912695.4,6093280.08
1.626829268292683e-13,73.26218299898672,19316.917312796042,2000,103.41563361822055,-0.014827895999994501,-0.5121829989867195,1,-0.00179871410198017,104.78211272399717,4912695.4,6093280.08
8.130081300813008e-17,72.69723828795554,19316.917524611123,0,104.6295013081389,0.0015557040000054984,0.052761712044453866,1,-0.00424171825779064,104.73696804303458,4912695.4,6093280.08
8.130081300813008e-17,72.64532444964458,19316.91753126065,0,104.74910671993378,0.003061224000005498,0.10467555035542656,1,-0.00492881317661234,104.6995340939388,4912695.4,6093280.08
8.130081300813008e-17,72.67128136880007,19316.917537921563,0,104.57504267383229,0.0023084640000054983,0.07871863119994021,1,-0.005514116255608599,104.65927542128784,4912695.4,6093280.08
8.130081300813008e-17,72.73082959509794,19316.91754456251,0,104.52821842751258,0.0005815440000054985,0.019170404902059783,1,-0.006252107094343022,104.627109199903,4912695.4,6093280.08
8.130081300813008e-17,72.72624896230579,19316.917551223298,0,104.58827561300959,0.0007143840000054985,0.023751037694204433,1,-0.0019768498216746803,104.60514761046065,4912695.4,6093280.08
8.130081300813008e-17,72.73082959509794,19316.917557884597,0,104.62695651214325,0.0005815440000054985,0.019170404902059783,1,-0.004750677456917827,104.56857889200337,4912695.4,6093280.08
8.130081300813008e-17,72.69927412475205,19316.917564527314,0,104.58929353140785,0.0014966640000054984,0.05072587524794513,1,-0.013148504242516342,104.52783670811326,4912695.4,6093280.08
8.130081300813008e-17,72.67891575678696,19316.91757117457,0,104.68701369764027,0.0020870640000054982,0.07108424321303246,1,-0.01887429523269716,104.49460167241023,4912695.4,6093280.08
8.130081300813008e-17,72.68451430797737,19316.91757895964,0,104.66461949287867,0.0019247040000054984,0.06548569202263345,1,-0.02388754334409991,104.46314799390416,4912695.4,6093280.08
8.130081300813008e-17,72.70334579834507,19316.91758559448,0,104.71704229038878,0.0013785840000054984,0.04665420165492767,1,-0.031242003771487715,104.43380649607448,4912695.4,6093280.08
8.130081300813008e-17,72.65855738882188,19316.917592258495,0,104.87176588692344,0.0026774640000054983,0.09144261117811979,1,-0.03788392132009745,104.41451694242758,4912695.4,6093280.08
8.130081300813008e-17,72.56083722258946,19316.917598910797,0,105.0697510153839,0.0055113840000054985,0.18916277741053897,1,-0.03938535095752264,104.41825779254116,4912695.4,6093280.08
8.130081300813008e-17,72.49263668990642,19316.91760554498,0,105.07178685218042,0.007489224000005498,0.2573633100935815,1,-0.03154737929096401,104.45192544356341,4912695.4,6093280.08
8.130081300813008e-17,72.49365460830467,19316.917612223275,0,105.12777236408441,0.007459704000005498,0.25634539169532716,1,-0.003147455979667188,104.49994574400107,4912695.4,6093280.08
8.130081300813008e-17,72.47634999553435,19316.917618873078,0,105.26010175585748,0.007961544000005498,0.2736500044656514,1,0.014487980270089707,104.53430048994217,4912695.4,6093280.08
8.130081300813008e-17,72.44581244358672,19316.91762550721,0,105.34560690131084,0.008847144000005499,0.3041875564132824,1,0.024667164252633374,104.57140361555852,4912695.4,6093280.08
8.130081300813008e-17,72.39033589088186,19316.917632183322,0,105.34051730931957,0.010455984000005499,0.3596641091181454,1,0.03479545231526432,104.62957765201877,4912695.4,6093280.08
8.130081300813008e-17,72.4137480140417,19316.917638832594,0,105.26926302144176,0.009777024000005498,0.3362519859582949,1,0.07589390764478435,104.72355696813761,4912695.4,6093280.08
8.130081300813008e-17,75.70186874081912,19316.917756393297,0,71.76998079184212,-0.0855796608000011,-2.951868740819117,1,-2.951868740819117,71.76998079184212,4914014.92,6154344.27
8.130081300813008e-17,75.5461272258862,19316.917757503634,0,71.76387328145259,-0.08106310080000109,-2.796127225886199,1,-2.873997983352658,71.76692703664736,4914014.92,6154344.27
8.130081300813008e-17,75.20156184807709,19316.9177585934,0,71.76387328145259,-0.0710705808000011,-2.451561848077096,1,-2.7331859382608044,71.7659091182491,4914014.92,6154344.27
8.130081300813008e-17,73.76120731454716,19316.917767481307,0,72.52476728414773,-0.029299780800001098,-1.0112073145471674,1,-2.302691282332395,71.95562365972376,4914014.92,6154344.27
8.130081300813008e-17,72.9005573088231,19316.91777412009,0,73.18234256942006,-0.004340620800001099,-0.15055730882310078,1,-1.8722644876305363,72.20096744166301,4914014.92,6154344.27
8.130081300813008e-17,72.55090233902273,19316.917780768068,0,73.48517329290073,0.0057994991999989,0.19909766097727405,1,-1.5270374628625678,72.41500175020263,4914014.92,6154344.27
8.130081300813008e-17,72.44198507040952,19316.91778744346,0,73.62361019506332,0.0089581391999989,0.30801492959049126,1,-1.2648871210835593,72.58766009946844,4914014.92,6154344.27
8.130081300813008e-17,72.40686688566973,19316.917794083114,0,73.64091480783365,0.0099765791999989,0.34313311433026694,1,-1.0638845916568311,72.71931693801409,4914014.92,6154344.27
8.130081300813008e-17,72.48066596954317,19316.917801849617,0,73.32434218597653,0.0078363791999989,0.26933403045682536,1,-0.9157491891997582,72.78654196556548,4914014.92,6154344.27
8.130081300813008e-17,72.4567448871842,19316.91780851389,0,73.10956140394487,0.0085300991999989,0.29325511281580297,1,-0.7948487589982021,72.81884390940341,4914014.92,6154344.27
8.130081300813008e-17,72.4603076015781,19316.91781517478,0,73.1589304462602,0.0084267791999989,0.2896923984219127,1,-0.6962541083236462,72.8497608672995,4914014.92,6154344.27
8.130081300813008e-17,72.5860205237625,19316.91782181558,0,73.31365404279487,0.0047810591999989,0.1639794762374984,1,-0.6245679762768841,72.8884186319241,4914014.92,6154344.27
8.130081300813008e-17,72.51578415428295,19316.91782846428,0,73.51163917125534,0.0068179391999989,0.23421584571704968,1,-0.5585076822773507,72.93635867341112,4914014.92,6154344.27
8.130081300813008e-17,72.34986345536748,19316.917835125416,0,73.68468529895858,0.0116296991999989,0.4001365446325114,1,-0.490033094640932,72.98981057523594,4914014.92,6154344.27
8.130081300813008e-17,72.34731865937185,19316.917841781236,0,73.69079280934811,0.0117034991999989,0.40268134062814737,1,-0.4305187989563267,73.03654272417675,4914014.92,6154344.27
8.130081300813008e-17,72.44198507040952,19316.917848427118,0,73.59968911270434,0.0089581391999989,0.30801492959049126,1,-0.3843604409221506,73.07173937345972,4914014.92,6154344.27
8.130081300813008e-17,72.52952605265938,19316.917855090975,0,73.61801164387292,0.0064194191999989,0.22047394734061576,1,-0.348781947494929,73.1038730364252,4914014.92,6154344.27
8.130081300813008e-17,72.62979101488745,19316.91786173263,0,73.51418396725097,0.0035116991999989003,0.12020898511256067,1,-0.32272689568340185,73.12666808813775,4914014.92,6154344.27
8.130081300813008e-17,72.71173344594692,19316.917869511333,0,73.40933837223078,0.0011353391999989002,0.03826655405308417,1,-0.3037272404341131,73.14154547151107,4914014.92,6154344.27
8.130081300813008e-17,72.6420060356665,19316.91787615912,0,73.48771808889637,0.0031574591999989003,0.10799396433350827,1,-0.28314118019573203,73.15885410238033,4914014.92,6154344.27
8.130081300813008e-17,72.56464423739916,19316.91788279442,0,73.4190085970142,0.0054009791999989004,0.1853557626008401,1,-0.12627995502473416,73.24130549263894,4914014.92,6154344.27
8.130081300813008e-17,72.53868731824367,19316.917889471366,0,73.59052784712006,0.0061537391999989,0.21131268175632645,1,0.024092040357392132,73.3326382209223,4914014.92,6154344.27
8.130081300813008e-17,72.48626452073357,19316.917896133633,0,73.85416871226793,0.0076740191999989,0.2637354792664263,1,0.15985690672456823,73.43715299246307,4914014.92,6154344.27
8.130081300813008e-17,72.44351194800689,19316.917902787536,0,74.07760180068477,0.008913859199998899,0.3064880519931097,1,0.2257416750515821,73.51479471828992,4914014.92,6154344.27
8.130081300813008e-17,72.36564119054043,19316.917910528693,0,74.10355871984025,0.0111721391999989,0.3843588094595688,1,0.2524874809657155,73.56085552581092,4914014.92,6154344.27
8.130081300813008e-17,72.33561259779192,19316.917917200775,0,74.08879890306557,0.0120429791999989,0.4143874022080726,1,0.2632519680272555,73.59103680631918,4914014.92,6154344.27
8.130081300813008e-17,72.35495304735876,19316.917924943762,0,74.01601773759037,0.0114820991999989,0.3950469526412396,1,0.2676035691797929,73.61065718344553,4914014.92,6154344.27
8.130081300813008e-17,72.33052300580066,19316.917931606586,0,73.91575277536232,0.0121905791999989,0.41947699419934437,1,0.27142076317324676,73.62439908182196,4914014.92,6154344.27
8.130081300813008e-17,72.37174870092996,19316.917938272465,0,73.75186791324337,0.0109950191999989,0.3782512990700425,1,0.2768666266039076,73.6457753681853,4914014.92,6154344.27
8.130081300813008e-17,72.3910891504968,19316.917944906378,0,73.50196894647192,0.0104341391999989,0.35891084950320956,1,0.280149413438278,73.66539574531166,4914014.92,6154344.27
8.130081300813008e-17,72.24450890114817,19316.91795267219,0,73.37065747309711,0.0146850191999989,0.5054910988518384,1,0.2909393484597743,73.67598209665348,4914014.92,6154344.27
8.130081300813008e-17,72.37378453772646,19316.917960433402,0,73.35844245231806,0.0109359791999989,0.3762154622735338,1,0.30155114776157604,73.67822151712967,4914014.92,6154344.27
8.130081300813008e-17,72.3595336801509,19316.91796821602,0,73.45870741454611,0.0113492591999989,0.39046631984909497,1,0.30936367146817834,73.6755749292942,4914014.92,6154344.27
8.130081300813008e-17,72.35189929216399,19316.917974865926,0,73.58594721432792,0.0115706591999989,0.3981007078360027,1,0.3092618796283529,73.67063802506267,4914014.92,6154344.27
8.130081300813008e-17,72.42620733523657,19316.917981500763,0,73.65720150220572,0.009415699199998899,0.32379266476343393,1,0.30531744583511716,73.66895845970555,4914014.92,6154344.27
8.130081300813008e-17,72.38854435450115,19316.91798817809,0,73.79716528196569,0.0105079391999989,0.3614556454988455,1,0.3079894816305349,73.67883226816862,4914014.92,6154344.27
8.130081300813008e-17,72.34884553696924,19316.917994827545,0,73.88928689700771,0.0116592191999989,0.4011544630307658,1,0.31702350741504237,73.69239603082535,4914014.92,6154344.27
8.130081300813008e-17,72.39923249768283,19316.918001489328,0,73.8648568554496,0.0101979791999989,0.3507675023171747,1,0.32855143327527314,73.70992967523527,4914014.92,6154344.27
8.130081300813008e-17,72.36055159854916,19316.91800813006,0,73.9020108769859,0.0113197391999989,0.3894484014508406,1,0.3461105256451609,73.73456330047304,4914014.92,6154344.27
8.130081300813008e-17,72.34986345536748,19316.918014789953,0,73.95748742969076,0.0116296991999989,0.4001365446325114,1,0.3607176546601111,73.75805176751277,4914014.92,6154344.27
8.130081300813008e-17,72.3106735970347,19316.91802145265,0,73.96003222568639,0.0127662191999989,0.43932640296530456,1,0.3734161866783343,73.78510294894636,4914014.92,6154344.27
8.130081300813008e-17,72.3630963945448,19316.918028094617,0,73.85874934506008,0.0112459391999989,0.38690360545520464,1,0.3821957328632782,73.79851402384337,4914014.92,6154344.27
8.130081300813008e-17,72.32899612820327,19316.91803474102,0,73.89539440739723,0.0122348591999989,0.42100387179672594,1,0.39005915248979317,73.80057530859982,4914014.92,6154344.27
8.130081300813008e-17,72.2903152290696,19316.91804141649,0,73.84907912027667,0.0133566191999989,0.45968477093039184,1,0.3977189884366573,73.78914917457942,4914014.92,6154344.27
8.130081300813008e-17,72.27606437149404,19316.918050277676,0,73.9340753065309,0.0137698991999989,0.473935628505953,1,0.40219782938897647,73.78067500391396,4914014.92,6154344.27
8.130081300813008e-17,72.22720428837783,19316.918056925184,0,73.9712293280672,0.0151868591999989,0.5227957116221625,1,0.40761824485968107,73.77479652516405,4914014.92,6154344.27
8.130081300813008e-17,72.20175632842148,19316.91806360256,0,73.98751602243927,0.0159248591999989,0.5482436715785217,1,0.4152780808065451,73.7733714394065,4914014.92,6154344.27
8.130081300813008e-17,72.15391416370352,19316.918070243264,0,73.91422589776495,0.0173122991999989,0.5960858362964769,1,0.4241085229114018,73.77329509552663,4914014.92,6154344.27
8.130081300813008e-17,72.07706132463532,19316.9180780072,0,73.91778861215883,0.0195410591999989,0.6729386753646815,1,0.4388428917261337,73.7815911304724,4914014.92,6154344.27
8.130081300813008e-17,71.99868160796973,19316.9180846478,0,73.93102155133614,0.0218140991999989,0.7513183920302678,1,0.45846326885248656,73.80304376071561,4914014.92,6154344.27
8.130081300813008e-17,71.95592903524305,19316.918091309373,0,73.85416871226793,0.0230539391999989,0.7940709647569512,1,0.4728922621477423,73.82721932267415,4914014.92,6154344.27
8.130081300813008e-17,71.96152758643345,19316.918097970996,0,73.75695750523465,0.022891579199998898,0.7884724135665522,1,0.49350510971239314,73.84714507531999,4914014.92,6154344.27
8.130081300813008e-17,71.9961368119741,19316.918104622004,0,73.70809742211844,0.021887899199998898,0.7538631880259037,1,0.5116749531212336,73.8596145756986,4914014.92,6154344.27
8.130081300813008e-17,72.07248069184317,19316.91811125646,0,73.56507988716369,0.0196738991999989,0.6775193081568264,1,0.5256458831372748,73.85857120934038,4914014.92,6154344.27
8.130081300813008e-17,72.19768465482846,19316.918117932073,0,73.34266471714511,0.0160429391999989,0.5523153451715391,1,0.53707201715768,73.84284437008735,4914014.92,6154344.27
8.130081300813008e-17,72.34019323058408,19316.918124581527,0,73.11566891433439,0.0119101391999989,0.4098067694159279,1,0.5394895733535341,73.8087695517058,4914014.92,6154344.27
8.130081300813008e-17,72.44147611121038,19316.918131244827,0,73.06171923922692,0.0089728991999989,0.3085238887896185,1,0.5348580446414768,73.76739116881674,4914014.92,6154344.27
8.130081300813008e-17,72.39923249768283,19316.918137885914,0,73.07138946401032,0.0101979791999989,0.3507675023171747,1,0.5348580446414768,73.72771779924479,4914014.92,6154344.27
8.130081300813008e-17,72.40534000807236,19316.918144547984,0,72.966034909791,0.0100208591999989,0.34465999192764846,1,0.5326186241653171,73.68091900088504,4914014.92,6154344.27
8.130081300813008e-17,72.4455477848034,19316.91815120573,0,72.81385610925197,0.0088548191999989,0.304452215196601,1,0.5278344076935216,73.6237374348631,4914014.92,6154344.27
8.130081300813008e-17,72.4511463359938,19316.918157846838,0,72.8667878659612,0.0086924591999989,0.298853664006202,1,0.5208107707455666,73.56907521687684,4914014.92,6154344.27
8.130081300813008e-17,72.40177729367846,19316.918164505718,0,72.95738260340585,0.0101241791999989,0.34822270632153873,1,0.5188767257888832,73.52400687979414,4914014.92,6154344.27
8.130081300813008e-17,72.41806398805053,19316.918171168334,0,72.95381988901195,0.0096518591999989,0.33193601194946887,1,0.5144233327965204,73.47692815387487,4914014.92,6154344.27
8.130081300813008e-17,72.37276661932822,19316.91817671162,0,73.07037154561208,0.0109654991999989,0.3772333806717882,1,0.5103007632835903,73.43799277514165,4914014.92,6154344.27
8.130081300813008e-17,72.33408572019455,19316.918182269503,0,73.21949659095634,0.012087259199998899,0.4159142798054541,1,0.5073996958485653,73.40226383936292,4914014.92,6154344.27
8.130081300813008e-17,72.23382075796648,19316.91818780993,0,73.3029658996132,0.0149949791999989,0.5161792420335092,1,0.5070688723691326,73.36885066794022,4914014.92,6154344.27
8.130081300813008e-17,72.2022652876206,19316.918193354617,0,73.18030673262355,0.0159100991999989,0.5477347123793945,1,0.5070434244091763,73.32849020344943,4914014.92,6154344.27
8.130081300813008e-17,72.31474527062771,19316.91819889787,0,72.88867311152367,0.0126481391999989,0.4352547293722871,1,0.49900186906296684,73.27721256413737,4914014.92,6154344.27
8.130081300813008e-17,72.4944078679196,19316.918204454632,0,72.61739785838888,0.0074378591999989,0.2555921320803914,1,0.47813454189875226,73.21219302644886,4914014.92,6154344.27
8.130081300813008e-17,72.64862250525515,19316.918209997893,0,72.57362736726394,0.0029655791999989,0.10137749474485488,1,0.4456374970344815,73.14432331724527,4914014.92,6154344.27
8.130081300813008e-17,72.62622830049355,19316.918216636135,0,72.59449469442816,0.0036150191999989,0.12377169950645095,1,0.4121225337719566,73.08133961635326,4914014.92,6154344.27
8.130081300813008e-17,72.53716044064629,19316.9182221906,0,72.73496743338727,0.0061980191999989,0.212839559353708,1,0.38334089106131436,73.03024011276091,4914014.92,6154344.27
8.130081300813008e-17,72.5035691335039,19316.918227734503,0,73.02812793208452,0.0071721791999989,0.24643086649610207,1,0.3579692749848243,72.99624163825919,4914014.92,6154344.27
8.130081300813008e-17,72.4455477848034,19316.918234384528,0,73.22000555015546,0.0088548191999989,0.304452215196601,1,0.339315920336813,72.97898792140879,4914014.92,6154344.27
8.130081300813008e-17,72.37785621131948,19316.918241049527,0,73.35131702353029,0.0108178991999989,0.37214378868051634,1,0.3303073425122619,72.97942053672806,4914014.92,6154344.27
8.130081300813008e-17,72.32899612820327,19316.918247693528,0,73.66687172698913,0.0122348591999989,0.42100387179672594,1,0.33086719763130185,73.00698067736079,4914014.92,6154344.27
8.130081300813008e-17,72.17529045006687,19316.918254350763,0,73.99464145122704,0.0166923791999989,0.5747095499331353,1,0.3441764806884776,73.0536267879608,4914014.92,6154344.27
8.130081300813008e-17,72.09182114141001,19316.91826100985,0,74.15852631334599,0.019113019199998898,0.6581788585899933,1,0.3595470485021185,73.10798363042758,4914014.92,6154344.27
8.130081300813008e-17,72.07451652863968,19316.918267652673,0,74.25471960198104,0.019614859199998898,0.6754834713603175,1,0.376088222473752,73.17241786503708,4914014.92,6154344.27
8.130081300813008e-17,72.03634458870515,19316.918274299074,0,74.31477678747804,0.020721859199998898,0.7136554112948562,1,0.39654838227866473,73.24746389894838,4914014.92,6154344.27
8.130081300813008e-17,72.10250928459168,19316.918280975915,0,73.86129414105572,0.0188030591999989,0.6474907154083225,1,0.41398023484877083,73.2971892127031,4914014.92,6154344.27
8.130081300813008e-17,72.56209944140352,19316.918287626933,0,72.9863932777561,0.0054747791999989,0.18790055859647603,1,0.4059641274625177,73.29863974642062,4914014.92,6154344.27
8.130081300813008e-17,72.96112345351924,19316.91829426257,0,72.36648097321918,-0.0060970608000011,-0.21112345351923562,1,0.37881115418908246,73.26927280063097,4914014.92,6154344.27
8.130081300813008e-17,73.72201745621437,19316.91830092515,0,71.95371506272704,-0.0281632608000011,-0.9720174562143744,1,0.3113486123447743,73.21343997648674,4914014.92,6154344.27
8.130081300813008e-17,73.53217567493994,19316.918307594133,0,72.4209396075258,-0.0226577808000011,-0.7821756749399351,1,0.2514441146075049,73.1735121273152,4914014.92,6154344.27
8.130081300813008e-17,73.11890080524866,19316.918314252212,0,72.51407914096606,-0.010672660800001099,-0.3689008052486623,1,0.20719011224339628,73.13406778938284,4914014.92,6154344.27
8.130081300813008e-17,73.33622638327597,19316.918320891815,0,71.97051071629824,-0.0169751808000011,-0.5862263832759695,1,0.1504920574606281,73.07357798856658,4914014.92,6154344.27
8.130081300813008e-17,73.57849096206051,19316.918327538348,0,71.8351275693304,-0.0240009408000011,-0.8284909620605088,1,0.08730477288898829,73.02090071145692,4914014.92,6154344.27
8.130081300813008e-17,73.91033235989143,19316.918334199978,0,71.73791636229711,-0.033624460800001095,-1.1603323598914321,1,0.016508548290397107,72.97692663665231,4914014.92,6154344.27
8.130081300813008e-17,73.76833274333495,19316.918340856562,0,71.6422320328612,-0.0295064208000011,-1.018332743334948,1,-0.03947696361359303,72.93035686993218,4914014.92,6154344.27
8.130081300813008e-17,73.76782378413581,19316.91834750332,0,71.47885612994138,-0.0294916608000011,-1.0178237841358209,1,-0.09655673779570663,72.87457494170783,4914014.92,6154344.27
8.130081300813008e-17,73.70420388424492,19316.91835416494,0,71.64681266565334,-0.0276466608000011,-0.9542038842449231,1,-0.1549089099756382,72.82016720332113,4914014.92,6154344.27
8.130081300813008e-17,73.17285048035615,19316.91836081655,0,72.3929468515738,-0.012237220800001098,-0.42285048035614375,1,-0.18837297731825048,72.7884081492956,4914014.92,6154344.27
8.130081300813008e-17,72.8237044697549,19316.91836746264,0,72.70239404464313,-0.0021118608000010998,-0.07370446975489613,1,-0.2072808115658254,72.76252757401998,4914014.92,6154344.27
8.130081300813008e-17,72.74481579389018,19316.918374127257,0,72.77822896531308,0.0001759391999989003,0.005184206109817267,1,-0.22562879069436031,72.73387317110914,4914014.92,6154344.27
8.130081300813008e-17,72.72140367073034,19316.91838077705,0,72.9248092146617,0.0008548991999989003,0.028596329269667695,1,-0.24524916782071324,72.69677004549276,4914014.92,6154344.27
8.130081300813008e-17,72.56566215579741,19316.91838855072,0,73.36913059549973,0.0053714591999989,0.18433784420258573,1,-0.2647677531072407,72.6654945027064,4914014.92,6154344.27
8.130081300813008e-17,72.43689547841824,19316.918395201898,0,73.754412709239,0.0091057391999989,0.3131045215817631,1,-0.28202146995765226,72.64528882250104,4914014.92,6154344.27
8.130081300813008e-17,72.43740443761736,19316.91840186079,0,74.00736543120522,0.0090909791999989,0.3125955623826359,1,-0.30016586540653634,72.63292111396225,4914014.92,6154344.27
8.130081300813008e-17,72.42671629443569,19316.918409601294,0,74.06996741269786,0.0094009391999989,0.32328370556430674,1,-0.31968445069306384,72.62068064522325,4914014.92,6154344.27
8.130081300813008e-17,72.46183447917547,19316.918416279084,0,73.60223390869999,0.0083824991999989,0.2881655208245311,1,-0.33765071042225336,72.60772763360546,4914014.92,6154344.27
8.130081300813008e-17,73.28329462656674,19316.91842404626,0,71.96949279789997,-0.015440140800001098,-0.5332946265667425,1,-0.3737104696804142,72.55688260961264,4914014.92,6154344.27
8.130081300813008e-17,73.68588135307634,19316.918430686666,0,71.50074137550384,-0.0271153008000011,-0.9358813530763445,1,-0.40994836465826967,72.5135956297269,4914014.92,6154344.27
8.130081300813008e-17,74.18924200101313,19316.91843733472,0,71.4625694355693,-0.0417129408000011,-1.4392420010131286,1,-0.4333095918982074,72.48903834836901,4914014.92,6154344.27
8.130081300813008e-17,74.19534951140265,19316.918444009978,0,72.07128463772541,-0.0418900608000011,-1.4453495114026549,1,-0.46646828372134336,72.471555599879,4914014.92,6154344.27
8.130081300813008e-17,73.78258360091051,19316.91845065926,0,72.25756370460596,-0.029919700800001097,-1.0325836009105092,1,-0.4996524235044357,72.45872982806098,4914014.92,6154344.27
8.130081300813008e-17,73.74186686498034,19316.91845729419,0,72.15068227278925,-0.028738900800001098,-0.9918668649803345,1,-0.519934447589654,72.46773840588553,4914014.92,6154344.27
8.130081300813008e-17,74.05436781324443,19316.91846397154,0,72.99708142093776,-0.037801540800001095,-1.304367813244425,1,-0.5437282901488498,72.52583609846592,4914014.92,6154344.27
8.130081300813008e-17,73.60902851400814,19316.918470621204,0,74.24504937719762,-0.0248865408000011,-0.8590285140081397,1,-0.5286630978546852,72.65119274921092,4914014.92,6154344.27
8.130081300813008e-17,73.32197552570041,19316.9184772825,0,74.84714810976507,-0.016561900800001098,-0.5719755257004084,1,-0.5063452369729581,72.81143855305612,4914014.92,6154344.27
8.130081300813008e-17,73.04052108858308,19316.91848392279,0,74.2710062963531,-0.0083996208000011,-0.2905210885830762,1,-0.469980102195321,72.95104606137672,4914014.92,6154344.27
8.130081300813008e-17,73.22680015546362,19316.9184905839,0,73.2617402044839,-0.0138017808000011,-0.4768001554636252,1,-0.446109915756256,73.03179243831823,4914014.92,6154344.27
8.130081300813008e-17,72.8705287160746,19316.918497243576,0,73.03118168727929,-0.0034697808000010997,-0.12052871607459698,1,-0.43099382754217874,73.06370418010351,4914014.92,6154344.27
8.130081300813008e-17,72.90666481921262,19316.918504987778,0,73.15689460946369,-0.004517740800001099,-0.15666481921262698,1,-0.43514184501506525,73.08642920834453,4914014.92,6154344.27
8.130081300813008e-17,72.99369684226338,19316.918511664862,0,73.81599677233339,-0.0070417008000011,-0.24369684226337532,1,-0.4475858974337249,73.13831759869555,4914014.92,6154344.27
8.130081300813008e-17,72.76364728425789,19316.9185183149,0,74.51937838552716,-0.00037018080000109966,-0.01364728425788851,1,-0.4496980781101027,73.21804605723884,4914014.92,6154344.27
8.130081300813008e-17,72.54428586943408,19316.91852607472,0,74.80032386344537,0.0059913791999989,0.20571413056592744,1,-0.4486292637919355,73.2896057206361,4914014.92,6154344.27
8.130081300813008e-17,72.62826413729006,19316.918533853714,0,74.48934979277867,0.0035559791999989,0.12173586270994222,1,-0.4581976967355267,73.3263525748131,4914014.92,6154344.27
8.130081300813008e-17,72.89903043122573,19316.918540505707,0,73.7391439332652,-0.004296340800001099,-0.14903043122571924,1,-0.4812789964159444,73.31294149991609,4914014.92,6154344.27
8.130081300813008e-17,73.6813007202842,19316.91854826515,0,72.64589957354,-0.0269824608000011,-0.9313007202841999,1,-0.5440082177083697,73.2417381079582,4914014.92,6154344.27
8.130081300813008e-17,74.49563543888769,19316.918556039363,0,72.24280388783127,-0.0505984608000011,-1.745635438887693,1,-0.645698265693981,73.17376660691477,4914014.92,6154344.27
8.130081300813008e-17,73.98769415815876,19316.91856378324,0,72.66065939031469,-0.0358679808000011,-1.2376941581587642,1,-0.680918242273582,73.2083249365355,4914014.92,6154344.27
8.130081300813008e-17,73.86910666476213,19316.91857044551,0,72.47896095622629,-0.0324289008000011,-1.1191066647621304,1,-0.6900795078578714,73.25723591557161,4914014.92,6154344.27
8.130081300813008e-17,73.76324315134367,19316.918578187477,0,72.76346914853838,-0.029358820800001097,-1.0132431513436762,1,-0.6687795653743986,73.32228090122007,4914014.92,6154344.27
8.130081300813008e-17,73.55762363489629,19316.918583743125,0,73.11465099593615,-0.023395780800001098,-0.8076236348962942,1,-0.6368932715490807,73.37444921913063,4914014.92,6154344.27
8.130081300813008e-17,73.51894273576262,19316.918590405265,0,73.25919540848825,-0.0222740208000011,-0.7689427357626283,1,-0.6237112282916867,73.42453080432473,4914014.92,6154344.27
8.130081300813008e-17,73.4079896303529,19316.918595949766,0,73.26021332688651,-0.019056340800001098,-0.6579896303529024,1,-0.6070173665603151,73.48000735702959,4914014.92,6154344.27
8.130081300813008e-17,73.11330225405827,19316.918601507037,0,73.42664298500111,-0.010510300800001099,-0.36330225405826333,1,-0.559964088601007,73.50148543523275,4914014.92,6154344.27
8.130081300813008e-17,72.90004834962397,19316.918607051237,0,73.69130176854723,-0.004325860800001099,-0.1500483496239736,1,-0.5245150803817987,73.47379805480023,4914014.92,6154344.27
8.130081300813008e-17,72.7544860186736,19316.91861259404,0,73.83889993629413,-0.0001045008000010997,-0.004486018673599213,1,-0.4961406050304582,73.42338564612669,4914014.92,6154344.27
8.130081300813008e-17,72.78044293782908,19316.91861813492,0,73.7131870141097,-0.0008572608000010996,-0.030442937829085553,1,-0.48313669749275867,73.39549468201452,4914014.92,6154344.27
8.130081300813008e-17,72.80945361217934,19316.91862369338,0,73.66330901259525,-0.0016985808000010995,-0.059453612179334994,1,-0.4622693703285442,73.41557312242008,4914014.92,6154344.27
8.130081300813008e-17,72.75550393707185,19316.918629235715,0,73.9432365721152,-0.0001340208000010997,-0.00550393707185358,1,-0.45651813137840697,73.46117586666188,4914014.92,6154344.27
8.130081300813008e-17,72.64251499486562,19316.918634781272,0,74.40129985132965,0.0031426991999989004,0.1074850051343811,1,-0.4433106401610566,73.5233961287552,4914014.92,6154344.27
8.130081300813008e-17,72.55497401261574,19316.918640323413,0,74.8217001498087,0.0056814191999989,0.19502598738425658,1,-0.42137449867867494,73.57368129762895,4914014.92,6154344.27
8.130081300813008e-17,72.49593474551699,19316.918645867387,0,75.04258844222991,0.0073935791999989,0.2540652544830098,1,-0.4079888717416301,73.59984180046409,4914014.92,6154344.27
8.130081300813008e-17,72.47506741835278,19316.918652519573,0,75.0665095245889,0.0079987391999989,0.2749325816472244,1,-0.4045279491875652,73.61315108352127,4914014.92,6154344.27
8.130081300813008e-17,72.46794198956499,19316.91865806192,0,74.770804229896,0.0082053791999989,0.28205801043500495,1,-0.39651184180131205,73.62722380537713,4914014.92,6154344.27
8.130081300813008e-17,72.66694503642373,19316.91866360544,0,74.51327087513764,0.0024342191999989003,0.0830549635762763,1,-0.38490757206121223,73.66593015247074,4914014.92,6154344.27
8.130081300813008e-17,72.6364074844761,19316.91866914898,0,74.32750076745621,0.0033198191999989,0.11359251552390728,1,-0.33266291027080686,73.75001021216656,4914014.92,6154344.27
8.130081300813008e-17,72.65473001564467,19316.918674707405,0,74.1249350062036,0.0027884591999989003,0.0952699843553287,1,-0.2406176391086558,73.84411676808517,4914014.92,6154344.27
8.130081300813008e-17,72.63488060687871,19316.918680249688,0,74.01856253358602,0.0033640991999989,0.11511939312128883,1,-0.17297696154465317,73.91201192524873,4914014.92,6154344.27
8.130081300813008e-17,72.80181922419243,19316.91868911148,0,73.85365975306881,-0.0014771808000010997,-0.05181922419242725,1,-0.11961258951616802,73.98074686509086,4914014.92,6154344.27
8.130081300813008e-17,72.81403424497148,19316.918695773566,0,73.60834141908951,-0.0018314208000010997,-0.06403424497147965,1,-0.0721521441975582,74.02299047861842,4914014.92,6154344.27
8.130081300813008e-17,72.7712816722448,19316.918701317743,0,73.20982636617292,-0.0005915808000010996,-0.021281672244796258,1,-0.0328350460649833,74.02774924713026,4914014.92,6154344.27
8.130081300813008e-17,73.20796866509592,19316.91870686119,0,72.67236545189462,-0.013255660800001099,-0.4579686650959194,1,-0.017286342531647857,73.99840774930058,4914014.92,6154344.27
8.130081300813008e-17,73.36778185362185,19316.91871240559,0,73.03881607526618,-0.017890300800001098,-0.6177818536218549,1,-0.01527595369509549,73.98733788671957,4914014.92,6154344.27
8.130081300813008e-17,72.98606245427646,19316.91871794939,0,73.24850726530659,-0.0068203008000011,-0.23606245427646758,1,-0.008913963706005692,73.97843110073484,4914014.92,6154344.27
8.130081300813008e-17,73.3647280984271,19316.918723495302,0,73.11974058792741,-0.0178017408000011,-0.6147280984270919,1,-0.032147951146161605,73.94985304170385,4914014.92,6154344.27
8.130081300813008e-17,73.6064837180125,19316.91872903869,0,72.89579854031145,-0.0248127408000011,-0.8564837180125039,1,-0.07474783611310684,73.90269797190471,4914014.92,6154344.27
8.130081300813008e-17,73.47517224463769,19316.91873568704,0,72.68101775827978,-0.021004660800001098,-0.7251722446376906,1,-0.10948430145353709,73.85108950911322,4914014.92,6154344.27
8.130081300813008e-17,73.76324315134367,19316.918741231482,0,72.75787059734799,-0.029358820800001097,-1.0132431513436762,1,-0.15717377841175417,73.80581758835086,4914014.92,6154344.27
8.130081300813008e-17,73.82686305123457,19316.91874678618,0,73.10752556714836,-0.031203820800001097,-1.076863051234574,1,-0.2107417341198902,73.7640320381025,4914014.92,6154344.27
8.130081300813008e-17,73.73881310978557,19316.918752330137,0,73.48873600729462,-0.0286503408000011,-0.9888131097855715,1,-0.26555663986588784,73.71840384590075,4914014.92,6154344.27
8.130081300813008e-17,73.34386077126288,19316.918758993197,0,73.77528003640322,-0.0171965808000011,-0.5938607712628773,1,-0.3050009777982445,73.66608284023049,4914014.92,6154344.27
8.130081300813008e-17,73.1158470500539,19316.918765635255,0,73.81345197633776,-0.0105841008000011,-0.3658470500538992,1,-0.33599659302508994,73.60462601693588,4914014.92,6154344.27
8.130081300813008e-17,73.08429157970801,19316.918772281933,0,73.75593958683639,-0.009668980800001099,-0.3342915797080139,1,-0.3664578010928518,73.53909752004826,4914014.92,6154344.27
8.130081300813008e-17,73.01761792462236,19316.918778957002,0,73.60579662309387,-0.007735420800001099,-0.2676179246223529,1,-0.39394159784571975,73.48084713970815,4914014.92,6154344.27
8.130081300813008e-17,72.91938879919081,19316.9187855981,0,73.6510939918162,-0.0048867408000011,-0.16938879919080657,1,-0.40656378598407394,73.43773829554208,4914014.92,6154344.27
8.130081300813008e-17,72.88783332884492,19316.91879224537,0,73.79309360837267,-0.0039716208000011,-0.13783332884492122,1,-0.4191350782025154,73.4110179375879,4914014.92,6154344.27
8.130081300813008e-17,72.91633504399604,19316.91879890552,0,73.82821179311244,-0.004798180800001099,-0.16633504399604346,1,-0.4322153296200841,73.39618177693333,4914014.92,6154344.27
8.130081300813008e-17,72.96366824951487,19316.918805571724,0,73.8180326091299,-0.0061708608000010995,-0.2136682495148715,1,-0.4486547117518921,73.38615528071053,4914014.92,6154344.27
8.130081300813008e-17,73.03186878219792,19316.91881220684,0,73.86943748824176,-0.0081487008000011,-0.28186878219791406,1,-0.4601571896521664,73.38694416746918,4914014.92,6154344.27
8.130081300813008e-17,72.9774101478913,19316.918818869235,0,73.81701469073165,-0.0065693808000011,-0.22741014789130548,1,-0.4683259847981577,73.39737783105129,4914014.92,6154344.27
8.130081300813008e-17,73.04204796618046,19316.918825521843,0,73.51876460004313,-0.008443900800001099,-0.2920479661804577,1,-0.4818642994949407,73.41282474274479,4914014.92,6154344.27
8.130081300813008e-17,73.10210515167746,19316.918832197163,0,73.17623505903053,-0.0101855808000011,-0.3521051516774653,1,-0.476571123824018,73.4380182231016,4914014.92,6154344.27
8.130081300813008e-17,72.97232055590004,19316.918838837857,0,72.98893807375173,-0.006421780800001099,-0.22232055590003363,1,-0.45679805893792685,73.43552432302587,4914014.92,6154344.27
8.130081300813008e-17,72.96315929031574,19316.918845483367,0,73.12941081271083,-0.0061561008000010995,-0.21315929031574432,1,-0.45565290073989073,73.42956950039607,4914014.92,6154344.27
8.130081300813008e-17,72.82981198014443,19316.91885214611,0,73.32637802277304,-0.0022889808000010996,-0.07981198014442231,1,-0.4289070948257572,73.43990137213835,4914014.92,6154344.27
8.130081300813008e-17,72.78044293782908,19316.918858802037,0,73.48720912969723,-0.0008572608000010996,-0.030442937829085553,1,-0.3876050558165863,73.46947190160766,4914014.92,6154344.27
8.130081300813008e-17,72.80487297938718,19316.9188654489,0,73.68417633975946,-0.0015657408000010996,-0.05487297938719035,1,-0.35409009255406126,73.51962983068164,4914014.92,6154344.27
8.130081300813008e-17,72.82777614334792,19316.918872110404,0,73.74270664765909,-0.0022299408000011,-0.07777614334791359,1,-0.3073167421542731,73.56887163319719,4914014.92,6154344.27
8.130081300813008e-17,72.93822028955852,19316.91887876237,0,73.67705091097167,-0.0054328608000010995,-0.18822028955851236,1,-0.2628846040704701,73.59734790038836,4914014.92,6154344.27
8.130081300813008e-17,73.05528090535776,19316.918885407824,0,73.48517329290073,-0.0088276608000011,-0.3052809053577645,1,-0.22870799384907975,73.59716976466868,4914014.92,6154344.27
8.130081300813008e-17,73.10923058046525,19316.9188920772,0,73.37981873868141,-0.010392220800001099,-0.35923058046524586,1,-0.21697648430919822,73.57739669978258,4914014.92,6154344.27
8.130081300813008e-17,73.12093664204517,19316.918898722826,0,73.37472914669013,-0.010731700800001099,-0.37093664204517107,1,-0.2172309639087618,73.55546055830021,4914014.92,6154344.27
8.130081300813008e-17,73.11482913165564,19316.918906481133,0,73.32383322677741,-0.0105545808000011,-0.3648291316556449,1,-0.21875784150614336,73.53385524029724,4914014.92,6154344.27
8.130081300813008e-17,73.1759042355509,19316.918913143658,0,73.170127548641,-0.0123257808000011,-0.4259042355509069,1,-0.22667215705257102,73.51207178657461,4914014.92,6154344.27
8.130081300813008e-17,73.16674296996662,19316.91891980263,0,73.15587669106544,-0.012060100800001099,-0.4167429699666176,1,-0.23903986559136156,73.48731092153704,4914014.92,6154344.27
8.130081300813008e-17,73.12653519323557,19316.918926441227,0,73.18794112061046,-0.010894060800001099,-0.3765351932355701,1,-0.25097495881089404,73.45705329714896,4914014.92,6154344.27
8.130081300813008e-17,73.09396180449143,19316.918933102825,0,73.2525789388996,-0.009949420800001099,-0.3439618044914304,1,-0.25985629683566336,73.4282716544383,4914014.92,6154344.27
8.130081300813008e-17,73.14485772440415,19316.91893976551,0,73.00624268652204,-0.011425420800001099,-0.3948577244041487,1,-0.2689157705801272,73.38768215830792,4914014.92,6154344.27
8.130081300813008e-17,73.32401136249692,19316.918946423808,0,72.60569179680896,-0.016620940800001097,-0.5740113624969171,1,-0.28352289959507737,73.32449487373628,4914014.92,6154344.27
8.130081300813008e-17,73.47669912223508,19316.91895305309,0,72.3461226052541,-0.0210489408000011,-0.7266991222350722,1,-0.3084873483122657,73.25095026946241,4914014.92,6154344.27
8.130081300813008e-17,73.78563735610527,19316.91895972786,0,72.07891902571232,-0.0300082608000011,-1.0356373561052723,1,-0.34566681780850644,73.17895799074586,4914014.92,6154344.27
8.130081300813008e-17,74.40911237503607,19316.91896637735,0,71.28443371587478,-0.048089260800001095,-1.6591123750360717,1,-0.4110171789764368,73.08436792358808,4914014.92,6154344.27
8.130081300813008e-17,74.3348043319635,19316.918973039028,0,71.08543066901606,-0.0459343008000011,-1.584804331963503,1,-0.47914136777961025,72.98919255335127,4914014.92,6154344.27
8.130081300813008e-17,74.68649513856039,19316.91897969469,0,71.12716532334449,-0.056133460800001096,-1.9364951385603866,1,-0.5653081601918424,72.88908027888297,4914014.92,6154344.27
8.130081300813008e-17,74.4752770709226,19316.91898634265,0,71.7022892183582,-0.0500080608000011,-1.7252770709226055,1,-0.6475814147307515,72.80787583866223,4914014.92,6154344.27
8.130081300813008e-17,74.70430871052984,19316.918994109674,0,72.1888542127238,-0.056650060800001095,-1.9543087105298378,1,-0.7437747033657892,72.74295809281355,4914014.92,6154344.27
8.130081300813008e-17,75.15524656095653,19316.919001876595,0,72.48455950741669,-0.06972742080000109,-2.405246560956522,1,-0.8612933824442557,72.68297725119642,4914014.92,6154344.27
8.130081300813008e-17,75.05498159872846,19316.919008527348,0,72.3929468515738,-0.0668197008000011,-2.3049815987284674,1,-0.9726536552132835,72.61548926139214,4914014.92,6154344.27
8.130081300813008e-17,74.9302865949423,19316.91901518859,0,72.2209186422688,-0.0632035008000011,-2.1802865949423076,1,-1.0722569704824731,72.54268264795701,4914014.92,6154344.27
8.130081300813008e-17,74.95420767730128,19316.919021828646,0,72.28708333815534,-0.0638972208000011,-2.204207677301285,1,-1.1672033090796492,72.48277815021973,4914014.92,6154344.27
8.130081300813008e-17,74.53075362362748,19316.91902848941,0,72.79451565968515,-0.0516169008000011,-1.7807536236274686,1,-1.2382794612377601,72.45351299626992,4914014.92,6154344.27
8.130081300813008e-17,73.93425344225041,19316.919035148614,0,73.1492602214768,-0.0343181808000011,-1.1842534422504098,1,-1.2789453012480223,72.44223955000926,4914014.92,6154344.27
8.130081300813008e-17,73.5932507788352,19316.91904179081,0,73.42867882179762,-0.0244289808000011,-0.8432507788351971,1,-1.3028663836069998,72.44748182976028,4914014.92,6154344.27
8.130081300813008e-17,73.31281426011611,19316.919048451273,0,73.70962429971581,-0.0162962208000011,-0.5628142601161192,1,-1.3097118848352605,72.47445666731402,4914014.92,6154344.27
8.130081300813008e-17,73.09548868208881,19316.91905511249,0,73.61037725588602,-0.0099937008000011,-0.34548868208881195,1,-1.3061491704413704,72.49718169555504,4914014.92,6154344.27
8.130081300813008e-17,73.13009790762946,19316.919061765322,0,73.2373101629258,-0.0109973808000011,-0.3800979076294604,1,-1.306327306161065,72.4996501476708,4914014.92,6154344.27
8.130081300813008e-17,73.26242729940253,19316.91906839925,0,73.04899525924873,-0.0148349808000011,-0.5124272994025281,1,-1.3147505809066196,72.48947096368826,4914014.92,6154344.27
8.130081300813008e-17,73.27820503457546,19316.91907507618,0,73.08462240318764,-0.015292540800001099,-0.5282050345754706,1,-1.3214179464151856,72.49338994952156,4914014.92,6154344.27
8.130081300813008e-17,73.1194097644478,19316.91908172625,0,73.10294493435622,-0.0106874208000011,-0.36940976444778956,1,-1.3111878665127292,72.51825260639892,4914014.92,6154344.27
8.130081300813008e-17,73.15045627559455,19316.919089484527,0,73.142134792689,-0.011587780800001099,-0.4004562755945477,1,-1.294875724180703,72.55805321577066,4914014.92,6154344.27
8.130081300813008e-17,73.16776088836487,19316.919096145022,0,73.07189842320946,-0.012089620800001099,-0.4177608883648719,1,-1.263981900793683,72.60770218564551,4914014.92,6154344.27
8.130081300813008e-17,73.05070027256562,19316.919102804604,0,73.15536773186632,-0.008694820800001099,-0.3007002725656198,1,-1.1960612956701602,72.70124888644509,4914014.92,6154344.27
8.130081300813008e-17,72.88528853284929,19316.91910944619,0,73.45514470015223,-0.0038978208000010994,-0.13528853284928527,1,-1.1235855057144497,72.8197345880019,4914014.92,6154344.27
8.130081300813008e-17,72.87968998165888,19316.919116092326,0,73.75135895404425,-0.0037354608000010996,-0.12968998165888626,1,-1.0332452478693743,72.95094426953688,4914014.92,6154344.27
8.130081300813008e-17,72.78196981542646,19316.919122767384,0,73.90048399938851,-0.0009015408000010997,-0.0319698154264671,1,-0.9485798850945676,73.0608540085884,4914014.92,6154344.27
8.130081300813008e-17,72.61910287170576,19316.91912941818,0,74.22112829483864,0.0038216591999989,0.1308971282942315,1,-0.8443195931533639,73.16246771269414,4914014.92,6154344.27
8.130081300813008e-17,72.45267321359118,19316.919136054086,0,74.44303450565809,0.0086481791999989,0.29732678640882043,1,-0.7091909257850972,73.26039146260621,4914014.92,6154344.27
8.130081300813008e-17,72.75295914107622,19316.919142731043,0,73.90302879538415,-6.0220800001099704e-05,-0.0029591410762176643,1,-0.5940898029024846,73.33589555979674,4914014.92,6154344.27
8.130081300813008e-17,73.32960991368732,19316.919149386264,0,73.2749731436612,-0.016783300800001098,-0.5796099136873162,1,-0.514055968839735,73.38859828486633,4914014.92,6154344.27
8.130081300813008e-17,73.57391032926836,19316.91915604156,0,73.25308789809873,-0.0238681008000011,-0.8239103292683642,1,-0.44504110143808895,73.43689851286351,4914014.92,6154344.27
8.130081300813008e-17,73.23494350264966,19316.919162680093,0,73.32128843078178,-0.014037940800001099,-0.48494350264966013,1,-0.3802505953891986,73.46323715141835,4914014.92,6154344.27
8.130081300813008e-17,73.1794669499448,19316.91916934294,0,73.07902385199723,-0.012429100800001099,-0.4294669499447971,1,-0.3425112707739179,73.45972533294437,4914014.92,6154344.27
8.130081300813008e-17,73.664505066713,19316.919176005198,0,72.5278210393425,-0.0264953808000011,-0.9145050667130027,1,-0.3460739851678082,73.41468244382162,4914014.92,6154344.27
8.130081300813008e-17,74.26965755447523,19316.919184868508,0,72.52120456975385,-0.0440450208000011,-1.5196575544752235,1,-0.3939161498857634,73.35526145732351,4914014.92,6154344.27
8.130081300813008e-17,74.1999301441948,19316.919191518795,0,73.22865785654064,-0.042022900800001095,-1.4499301441947994,1,-0.4491382229910627,73.33617548735624,4914014.92,6154344.27
8.130081300813008e-17,73.64414669874792,19316.919198168423,0,74.35498456420909,-0.025904980800001098,-0.8941466987479153,1,-0.47484066254698554,73.39205920742043,4914014.92,6154344.27
8.130081300813008e-17,73.1514741939928,19316.91920483213,0,74.62066126615348,-0.011617300800001099,-0.40147419399280204,1,-0.46929300727649925,73.47064250776565,4914014.92,6154344.27
8.130081300813008e-17,73.03797629258744,19316.919211481112,0,74.3234290938632,-0.0083258208000011,-0.28797629258744023,1,-0.45728157017709775,73.53258284229943,4914014.92,6154344.27
8.130081300813008e-17,73.09243492689404,19316.91921811824,0,73.83126554830721,-0.0099051408000011,-0.34243492689404886,1,-0.45593282829941073,73.56899887299699,4914014.92,6154344.27
8.130081300813008e-17,73.32604719929343,19316.919224792106,0,73.23883704052318,-0.0166799808000011,-0.576047199293426,1,-0.46471237448435465,73.57383398538869,4914014.92,6154344.27
8.130081300813008e-17,73.84518558240315,19316.91923144273,0,72.74260182137417,-0.031735180800001095,-1.0951855824031527,1,-0.49858360918626854,73.55736915529691,4914014.92,6154344.27
8.130081300813008e-17,73.94086991183906,19316.91923810428,0,72.73700327018376,-0.034510060800001095,-1.190869911839063,1,-0.5430920911499408,73.53645093221279,4914014.92,6154344.27
8.130081300813008e-17,73.69707845545715,19316.919244745797,0,73.19303071260173,-0.0274400208000011,-0.9470784554571424,1,-0.5836815872803335,73.52334523283527,4914014.92,6154344.27
8.130081300813008e-17,73.43343759030927,19316.919251407304,0,73.4414028017758,-0.019794340800001097,-0.6834375903092615,1,-0.6113689677128523,73.50784742522185,4914014.92,6154344.27
8.130081300813008e-17,73.31790385210739,19316.919258067723,0,73.43122361779325,-0.016443820800001098,-0.5679038521073909,1,-0.6381656695468985,73.48438440614208,4914014.92,6154344.27
8.130081300813008e-17,73.07818406931848,19316.919264707903,0,73.51520188564923,-0.0094918608000011,-0.3281840693184877,1,-0.6611197294275344,73.44908808568262,4914014.92,6154344.27
8.130081300813008e-17,73.05731674215427,19316.919272488183,0,73.5447215191986,-0.0088867008000011,-0.3073167421542732,1,-0.6913519058556893,73.40417243635964,4914014.92,6154344.27
8.130081300813008e-17,73.19219092992297,19316.9192791383,0,73.5090943752597,-0.0127981008000011,-0.44219092992297676,1,-0.7133134952980271,73.38447571535342,4914014.92,6154344.27
8.130081300813008e-17,73.2619183402034,19316.91928579971,0,73.4566715777496,-0.014820220800001099,-0.5119183402034008,1,-0.7099289166238314,73.39356063705785,4914014.92,6154344.27
8.130081300813008e-17,73.28787525935888,19316.91929354323,0,73.22763993814237,-0.015572980800001099,-0.5378752593588871,1,-0.6956271631283575,73.39228823906004,4914014.92,6154344.27
8.130081300813008e-17,73.55813259409543,19316.919300219757,0,72.90445084669662,-0.023410540800001097,-0.8081325940954214,1,-0.7117866177006457,73.37144635985575,4914014.92,6154344.27
8.130081300813008e-17,73.42427632472497,19316.919306859687,0,73.10040013836058,-0.0195286608000011,-0.6742763247249723,1,-0.7240270864396545,73.37251517417393,4914014.92,6154344.27
8.130081300813008e-17,73.25377499301736,19316.91931350741,0,73.48619121129899,-0.0145840608000011,-0.503774993017366,1,-0.7034905827548725,73.42043368277174,4914014.92,6154344.27
8.130081300813008e-17,72.93007694237248,19316.91932016895,0,73.58340241833227,-0.0051967008000010995,-0.18007694237247743,1,-0.6365115521497352,73.47354357520068,4914014.92,6154344.27
8.130081300813008e-17,72.78960420341338,19316.91932683191,0,73.53810504960995,-0.0011229408000010997,-0.03960420341337485,1,-0.5659952551106641,73.48901593485414,4914014.92,6154344.27
8.130081300813008e-17,72.89088708403969,19316.919333467256,0,73.21033532537206,-0.004060180800001099,-0.1408870840396843,1,-0.5283322743752525,73.4317834729123,4914014.92,6154344.27
8.130081300813008e-17,73.32910095448818,19316.91934013086,0,72.60721867440634,-0.0167685408000011,-0.579100954488189,1,-0.5372136124000219,73.33111134332492,4914014.92,6154344.27
8.130081300813008e-17,73.76629690653844,19316.919346795068,0,72.4061797907511,-0.0294473808000011,-1.0162969065384393,1,-0.5736296430975718,73.23524887816932,4914014.92,6154344.27
1.626829268292683e-13,74.02077650610204,19316.919557521724,2000,73.98497122644362,-0.0368273808000011,-1.270776506102031,1,-0.6200467220579708,73.24293416207615,4914014.92,6154344.27
1.626829268292683e-13,73.50062020459404,19316.919565280197,2000,74.20382368206832,-0.021742660800001097,-0.7506202045940497,1,-0.6287753723230021,73.2911834941534,4914014.92,6154344.27
1.626829268292683e-13,73.08938117169929,19316.919573060324,2000,74.45626744483539,-0.009816580800001098,-0.3393811716992857,1,-0.5909851517878087,73.37686677532648,4914014.92,6154344.27
1.626829268292683e-13,73.2695527281903,19316.919581920185,2000,74.0536807183258,-0.015041620800001099,-0.5195527281903085,1,-0.5574192926053709,73.44270064773357,4914014.92,6154344.27
1.626829268292683e-13,73.88233960393944,19316.91958970199,2000,73.73049162688004,-0.0328126608000011,-1.1323396039394371,1,-0.5666823500294857,73.46957369344747,4914014.92,6154344.27
1.626829268292683e-13,73.88233960393944,19316.919597445845,2000,74.00482063520958,-0.0328126608000011,-1.1323396039394371,1,-0.5891274507109945,73.49774458511918,4914014.92,6154344.27
1.626829268292683e-13,73.03390461899443,19316.91960633251,2000,74.62880461333951,-0.0082077408000011,-0.28390461899442276,1,-0.5749274890553462,73.55762363489647,4914014.92,6154344.27
1.626829268292683e-13,72.96519512711225,19316.91961408979,2000,74.65374361409674,-0.006215140800001099,-0.21519512711225305,1,-0.5692780419450344,73.61455072131886,4914014.92,6154344.27
1.626829268292683e-13,73.05273610936213,19316.919621849618,2000,75.11384273010772,-0.008753860800001099,-0.3027361093621285,1,-0.5690490103054271,73.69300678186433,4914014.92,6154344.27
1.626829268292683e-13,73.1438398060059,19316.91962961523,2000,75.3026665929839,-0.011395900800001099,-0.3938398060058943,1,-0.5666314541095729,73.78268539275054,4914014.92,6154344.27
1.626829268292683e-13,72.89699459442922,19316.91963738295,2000,75.19171348757418,-0.0042373008000010995,-0.1469945944292105,1,-0.5483852668208635,73.86943748824176,4914014.92,6154344.27
1.626829268292683e-13,72.80029234659504,19316.919645142385,2000,74.9825312567329,-0.0014329008000010996,-0.0502923465950457,1,-0.5240061211826713,73.95718205417128,4914014.92,6154344.27
1.626829268292683e-13,72.81556112256887,19316.91965291075,2000,74.88481109050048,-0.0018757008000010995,-0.0655611225688612,1,-0.48687754760634333,74.05620006636148,4914014.92,6154344.27
1.626829268292683e-13,72.7845146114221,19316.919660666204,2000,75.0237569518622,-0.0009753408000010996,-0.03451461142210302,1,-0.4548894619411999,74.15236790703656,4914014.92,6154344.27
1.626829268292683e-13,72.72852909951811,19316.919669546147,2000,75.123003995692,0.0006482591999989002,0.02147090048188713,1,-0.4286271672662373,74.23420854625621,4914014.92,6154344.27
1.626829268292683e-13,72.74634267148757,19316.91967730948,2000,75.10264562772691,0.0001316591999989003,0.003657328512435717,1,-0.4194404537219916,74.31017070672593,4914014.92,6154344.27
1.626829268292683e-13,72.73667244670415,19316.91968396022,2000,75.00136274710061,0.0004120991999989003,0.013327553295852198,1,-0.41679386588653033,74.38333359160046,4914014.92,6154344.27
1.626829268292683e-13,72.83999116412697,19316.919690622024,2000,74.70413057481034,-0.0025841808000010994,-0.08999116412696598,1,-0.4142490698908944,74.45802335407237,4914014.92,6154344.27
1.626829268292683e-13,72.93109486077073,19316.919697273937,2000,74.43794491366681,-0.005226220800001099,-0.18109486077073178,1,-0.39434876520502155,74.54955966603539,4914014.92,6154344.27
1.626829268292683e-13,72.80232818339155,19316.919705042015,2000,74.57536389743116,-0.0014919408000010996,-0.052328183391554435,1,-0.3461503290476773,74.65801887136939,4914014.92,6154344.27
1.626829268292683e-13,72.7865504482186,19316.91971278669,2000,74.61404479656483,-0.0010343808000010998,-0.03655044821861176,1,-0.2844390261535063,74.68947254987548,4914014.92,6154344.27
1.626829268292683e-13,72.84711659291474,19316.919720556456,2000,74.47458997600397,-0.0027908208000010995,-0.09711659291474654,1,-0.2517638455695411,74.70301086457224,4914014.92,6154344.27
1.626829268292683e-13,72.99522371986076,19316.919728329307,2000,74.03739402395372,-0.0070859808000011,-0.24522371986075686,1,-0.24705597297761467,74.68206719352817,4914014.92,6154344.27
1.626829268292683e-13,73.21458513468457,19316.919736095497,2000,73.7523768724425,-0.0134475408000011,-0.4645851346845728,1,-0.2443075933023279,74.66700200123401,4914014.92,6154344.27
1.626829268292683e-13,73.14842043879804,19316.91974383926,2000,74.046555289538,-0.0115287408000011,-0.39842043879803896,1,-0.207611635045258,74.6828051843669,4914014.92,6154344.27
1.626829268292683e-13,73.00642082224155,19316.919751622074,2000,74.32393805306232,-0.007410700800001099,-0.2564208222415549,1,-0.16381569596036388,74.69876105525955,4914014.92,6154344.27
1.626829268292683e-13,72.91480816639866,19316.919759381468,2000,74.37992356496632,-0.004753900800001099,-0.16480816639866191,1,-0.15786087333057586,74.68631700284088,4914014.92,6154344.27
1.626829268292683e-13,72.9718115967009,19316.919767142244,2000,74.22163725403776,-0.0064070208000010995,-0.22181159670090644,1,-0.1581916968100085,74.66471168483793,4914014.92,6154344.27
1.626829268292683e-13,73.47975287742983,19316.91977490043,2000,73.65414774701095,-0.0211375008000011,-0.7297528774298353,1,-0.17954253521339386,74.59172693568308,4914014.92,6154344.27
1.626829268292683e-13,73.96733579019367,19316.919782671634,2000,72.94771237862243,-0.035277580800001096,-1.2173357901936765,1,-0.220717334422783,74.473979224965,4914014.92,6154344.27
1.626829268292683e-13,74.45949933574967,19316.9197904284,2000,72.34052405406369,-0.0495505008000011,-1.7094993357496628,1,-0.2988425714888056,74.33141975328948,4914014.92,6154344.27
1.626829268292683e-13,74.62592899386425,19316.919797087838,2000,72.36546305482092,-0.0543770208000011,-1.8759289938642518,1,-0.3901244038522659,74.2005663431939,4914014.92,6154344.27
1.626829268292683e-13,74.37246731269892,19316.919803751007,2000,72.72377033100646,-0.0470265408000011,-1.6224673126989146,1,-0.4679697133587686,74.0925143052192,4914014.92,6154344.27
1.626829268292683e-13,73.89150086952372,19316.919810394724,2000,72.98944703295085,-0.0330783408000011,-1.1415008695237263,1,-0.5233190262638497,73.99079880927364,4914014.92,6154344.27
1.626829268292683e-13,73.81821074484941,19316.919815937603,2000,73.0576475656339,-0.0309529008000011,-1.068210744849412,1,-0.5778031085304146,73.88753098777073,4914014.92,6154344.27
1.626829268292683e-13,73.62938688197323,19316.919821480045,2000,73.31823467558701,-0.0254769408000011,-0.8793868819732271,1,-0.6219553190546978,73.79831044016373,4914014.92,6154344.27
1.626829268292683e-13,73.47771704063332,19316.919827034642,2000,73.75084999484511,-0.0210784608000011,-0.7277170406333265,1,-0.6590075487511569,73.73578480255095,4914014.92,6154344.27
1.626829268292683e-13,73.28024087137197,19316.91983368485,2000,74.09745120945072,-0.015351580800001098,-0.5302408713719794,1,-0.6810200341134075,73.70545083428297,4914014.92,6154344.27
1.626829268292683e-13,73.16114441877622,19316.919839229155,2000,74.33971578823527,-0.011897740800001099,-0.41114441877621855,1,-0.6925225120136818,73.7005393780114,4914014.92,6154344.27
1.626829268292683e-13,73.18252070513957,19316.919844772754,2000,73.98293538964711,-0.012517660800001098,-0.4325207051395602,1,-0.7115321381010821,73.6709179526222,4914014.92,6154344.27
1.626829268292683e-13,73.44870636628308,19316.91985143396,2000,73.6643269309935,-0.020237140800001097,-0.698706366283077,1,-0.7446399340043054,73.62343205934363,4914014.92,6154344.27
-99.59349593495918,74.05080509885053,19316.92005914859,0,73.05154005524437,-0.0376982208000011,-1.3008050988505346,1,-0.8048243593010946,73.55227956330565,4914014.92,6154344.27
-99.59349593495918,73.88590231833332,19316.920065484617,0,73.7299826676809,-0.0329159808000011,-1.1359023183333274,1,-0.8493582892247232,73.536908995492,4914014.92,6154344.27
-99.59349593495918,73.24817644182697,19316.920072139757,0,74.58808787740934,-0.0144217008000011,-0.49817644182696685,1,-0.8510378545818431,73.57869454574035,4914014.92,6154344.27
-99.59349593495918,72.8405001233261,19316.920078788324,0,75.06803640218627,-0.0025989408000010998,-0.09050012332609317,1,-0.8356418388082458,73.62976860137277,4914014.92,6154344.27
-99.59349593495918,72.81708800016624,19316.92008544869,0,75.18916869157854,-0.0019199808000010996,-0.06708800016624275,1,-0.8261751977044801,73.67303013329857,4914014.92,6154344.27
-99.59349593495918,72.82675822494966,19316.920092115106,0,74.9881298079233,-0.0022004208000010995,-0.07675822494965921,1,-0.8217727006320301,73.70344044544642,4914014.92,6154344.27
-99.59349593495918,72.92753214637685,19316.9200987505,0,74.99576419591021,-0.0051229008000011,-0.1775321463768415,1,-0.819558728115827,73.74214679254003,4914014.92,6154344.27
-99.59349593495918,73.04255692537959,19316.920105412803,0,74.44659722005198,-0.0084586608000011,-0.2925569253795849,1,-0.7976989305133141,73.78176926619209,4914014.92,6154344.27
-99.59349593495918,73.50367395978881,19316.920112063068,0,73.47499410891818,-0.0218312208000011,-0.7536739597888128,1,-0.774515838993071,73.80813335270689,4914014.92,6154344.27
-99.59349593495918,73.7393220689847,19316.920118724145,0,73.05713860643476,-0.0286651008000011,-0.9893220689846987,1,-0.7385069756548227,73.84396408032543,4914014.92,6154344.27
-99.59349593495918,73.67621112829293,19316.920125380326,0,73.12941081271083,-0.0268348608000011,-0.926211128292928,1,-0.6910210823762567,73.88216146821993,4914014.92,6154344.27
-99.59349593495918,73.42020465113195,19316.920132025312,0,73.27751793965683,-0.0194105808000011,-0.6702046511319548,1,-0.6434079492979086,73.90984884865247,4914014.92,6154344.27
-99.59349593495918,73.14892939799716,19316.920138690093,0,73.46532388413478,-0.011543500800001098,-0.39892939799716615,1,-0.6062793757215806,73.93364269121165,4914014.92,6154344.27
-99.59349593495918,72.9173529623943,19316.920145330994,0,73.67654195177255,-0.004827700800001099,-0.16735296239429784,1,-0.561236486598825,73.96458741051858,4914014.92,6154344.27
-99.59349593495918,72.6552389748438,19316.920151992592,0,73.98039059365148,0.0027736991999989,0.09476102515620151,1,-0.5125290912423536,73.9976952064218,4914014.92,6154344.27
-99.59349593495918,72.55904568620876,19316.92015865507,0,74.24759417319325,0.0055633391999989,0.19095431379123912,1,-0.46659552352112516,74.02253241533921,4914014.92,6154344.27
-99.59349593495918,72.48524660233532,19316.920165304873,0,74.69140659483216,0.0077035391999989,0.2647533976646807,1,-0.4268458100692921,74.05223018460828,4914014.92,6154344.27
-99.59349593495918,72.28217188188357,19316.920171940546,0,74.97031623595385,0.0135927791999989,0.4678281181164268,1,-0.3828971832246598,74.0837602069942,4914014.92,6154344.27
-99.59349593495918,72.27046582030364,19316.920178617882,0,74.96217288876781,0.0139322591999989,0.47953417969635204,1,-0.3372944389828643,74.13272208195023,4914014.92,6154344.27
-99.59349593495918,72.1946308996337,19316.92018526603,0,75.21207185553926,0.0161314991999989,0.5553691003663023,1,-0.2745906656503953,74.21010932817754,4914014.92,6154344.27
-99.59349593495918,72.03787146630252,19316.920191929676,0,75.72154001386558,0.0206775791999989,0.7121285336974748,1,-0.17394398402299477,74.34360932610858,4914014.92,6154344.27
-99.59349593495918,71.92946315688843,19316.920198571723,0,75.87728152879849,0.0238214591999989,0.8205368431115647,1,-0.07612202595075021,74.45097426916446,4914014.92,6154344.27
-99.59349593495918,71.84497592983332,19316.920205233077,0,75.7821061585617,0.0262716191999989,0.9050240701666772,1,-0.0059620003510680196,74.51067518322209,4914014.92,6154344.27
-99.59349593495918,71.83276090905427,19316.920211895347,0,75.52864447739637,0.026625859199998898,0.9172390909457295,1,0.04442496036252308,74.53370558698259,4914014.92,6154344.27
-99.59349593495918,71.91063166652073,19316.920218545485,0,75.19018660997679,0.0243675791999989,0.8393683334792705,1,0.08974777704479876,74.53375648290249,4914014.92,6154344.27
-99.59349593495918,72.13762746933145,19316.92022519308,0,74.7616429643117,0.0177846191999989,0.6123725306685469,1,0.12420431482570907,74.52243214072192,4914014.92,6154344.27
-99.59349593495918,72.29438690266262,19316.920232961413,0,74.63694796052555,0.0132385391999989,0.45561309733737443,1,0.15586157701141987,74.50449132895268,4914014.92,6154344.27
-99.59349593495918,72.30609296424255,19316.92023962397,0,74.65527049169413,0.0128990591999989,0.4439070357574492,1,0.19268477506827159,74.5149249925348,4914014.92,6154344.27
-99.59349593495918,72.33561259779192,19316.920246264897,0,74.74230251474488,0.0120429791999989,0.4143874022080726,1,0.25108784316811583,74.57829041282614,4914014.92,6154344.27
-99.59349593495918,72.2882793922731,19316.920254048022,0,74.73110541236407,0.0134156591999989,0.4617206077269006,1,0.3236399770036958,74.6619887531226,4914014.92,6154344.27
-99.59349593495918,72.3162721482251,19316.920260700244,0,74.68224532924786,0.0126038591999989,0.4337278517749055,1,0.3916369260070875,74.73963047894945,4914014.92,6154344.27
-99.59349593495918,72.39058019129766,19316.920267331665,0,74.45881224083104,0.0104488991999989,0.3594198087023368,1,0.44311814899880203,74.79869519400816,4914014.92,6154344.27
-99.59349593495918,72.60434305493108,19316.920273996227,0,74.19720721247965,0.0042496991999989,0.14565694506891982,1,0.4703474661521064,74.83528936042542,4914014.92,6154344.27
-99.59349593495918,72.57329654378432,19316.92028064751,0,74.10661247503502,0.0051500591999989,0.17670345621567798,1,0.4875502870826051,74.85679288658855,4914014.92,6154344.27
-99.59349593495918,72.55700984941225,19316.920287313646,0,74.1193364550132,0.0056223791999989,0.19299015058774782,1,0.4924617433541824,74.86374017965662,4914014.92,6154344.27
-99.59349593495918,72.56617111499654,19316.920293970234,0,74.00736543120522,0.0053566991999989,0.18382888500345854,1,0.4921054719147935,74.85172874255721,4914014.92,6154344.27
-99.59349593495918,72.98809829107297,19316.9203006178,0,73.30703757320622,-0.0068793408000010995,-0.2380982910729763,1,0.46696288747791065,74.78251029147592,4914014.92,6154344.27
-99.59349593495918,73.13518749962073,19316.920307279725,0,72.64233685914611,-0.011144980800001099,-0.3851874996207322,1,0.4243121065910526,74.66611132263553,4914014.92,6154344.27
-99.59349593495918,72.98046390308608,19316.920313929168,0,72.43264566910571,-0.006657940800001099,-0.23046390308606857,1,0.38881220245193154,74.53963496165242,4914014.92,6154344.27
-99.59349593495918,73.22527327786625,19316.920319486944,0,72.15984353837355,-0.013757500800001099,-0.4752732778662436,1,0.33728008354030437,74.38702354579414,4914014.92,6154344.27
-99.59349593495918,73.33062783208557,19316.92032612316,0,72.06823088253066,-0.0168128208000011,-0.5806278320855706,1,0.27264226525115204,74.20435808922738,4914014.92,6154344.27
-99.59349593495918,73.37439832321051,19316.920332787533,0,72.23466054064524,-0.0180821808000011,-0.6243983232105084,1,0.2003955069350484,74.02222703981974,4914014.92,6154344.27
-99.59349593495918,73.2542839522165,19316.920339438486,0,72.35273907484275,-0.014598820800001099,-0.504283952216493,1,0.12993010581588993,73.85075868563379,4914014.92,6154344.27
-99.59349593495918,73.42733007991974,19316.920344983366,0,72.22040968306968,-0.019617220800001098,-0.6773300799197354,1,0.05020164727261665,73.68534694591746,4914014.92,6154344.27
-99.59349593495918,73.48331559182373,19316.92035164604,0,72.2132842542819,-0.021240820800001097,-0.7333155918237254,1,-0.028432548992533148,73.53650182813271,4914014.92,6154344.27
-99.59349593495918,73.55355196130327,19316.9203582997,0,72.22702615265833,-0.0232777008000011,-0.8035519613032768,1,-0.09922877359112434,73.40977098755003,4914014.92,6154344.27
-99.59349593495918,73.71183827223183,19316.92036494346,0,72.21939176467143,-0.027868060800001097,-0.9618382722318307,1,-0.17010134206958458,73.28889317775733,4914014.92,6154344.27
-99.59349593495918,73.58714326844567,19316.920371607674,0,72.34001509486457,-0.0242518608000011,-0.8371432684456709,1,-0.23415385727974064,73.17313040791585,4914014.92,6154344.27
-99.59349593495918,73.50214708219143,19316.92037826302,0,72.55734067289187,-0.021786940800001098,-0.7521470821914312,1,-0.29248058149971584,73.06388231582321,4914014.92,6154344.27
-99.59349593495918,73.36727289442273,19316.92038490928,0,72.97163346098141,-0.0178755408000011,-0.6172728944227277,1,-0.34643025660719723,72.97590871825406,4914014.92,6154344.27
-99.59349593495918,73.34080701606811,19316.92039157375,0,73.55693653997766,-0.017108020800001098,-0.5908070160681141,1,-0.39765699999934817,72.91964327879055,4914014.92,6154344.27
-99.59349593495918,73.04001212938395,19316.92039822575,0,74.13256939419051,-0.0083848608000011,-0.29001212938394894,1,-0.4301285969036625,72.90333113645853,4914014.92,6154344.27
-99.59349593495918,72.8125073673741,19316.920404887336,0,74.26795254115834,-0.0017871408000010996,-0.0625073673740981,1,-0.4405368125258134,72.90686840289247,4914014.92,6154344.27
-99.59349593495918,72.78146085622734,19316.92041264288,0,74.41453279050697,-0.0008867808000010996,-0.03146085622733992,1,-0.4509450281479642,72.92226441866606,4914014.92,6154344.27
-99.59349593495918,72.75855769226662,19316.920419328795,0,74.31426782827891,-0.0002225808000010997,-0.008557692266616679,1,-0.46102242029068263,72.93201098732935,4914014.92,6154344.27
-99.59349593495918,72.9585786575236,19316.92042596873,0,73.89030481540597,-0.006023260800001099,-0.20857865752359966,1,-0.48064279741703536,72.92615795653938,4914014.92,6154344.27
-99.59349593495918,73.36218330243146,19316.92043260293,0,73.23578328532841,-0.017727940800001098,-0.6121833024314559,1,-0.49934704798495944,72.92259524214548,4914014.92,6154344.27
-99.59349593495918,73.50265604139057,19316.92043926626,0,73.16198420145497,-0.0218017008000011,-0.7526560413905585,1,-0.5177204750734506,72.94857760926094,4914014.92,6154344.27
-99.59349593495918,73.20186115470639,19316.92044591582,0,73.41391900502292,-0.0130785408000011,-0.4518611547063932,1,-0.5287903376544669,72.9976412760568,4914014.92,6154344.27
-99.59349593495918,73.02932398620227,19316.920452594837,0,73.48059266010858,-0.0080749008000011,-0.2793239862022781,1,-0.5189928730712686,73.06367873214356,4914014.92,6154344.27
-99.59349593495918,72.88885124724318,19316.920459235265,0,73.78138754679274,-0.0040011408000010995,-0.13885124724317557,1,-0.4969040438291489,73.14933656535666,4914014.92,6154344.27
-99.59349593495918,72.80741777538283,19316.920465884632,0,74.07760180068477,-0.0016395408000010995,-0.05741777538282626,1,-0.46855501643776476,73.24148362835864,4914014.92,6154344.27
-99.59349593495918,72.73565452830589,19316.920472543356,0,74.22112829483864,0.0004416191999989003,0.014345471694106564,1,-0.44262354524223485,73.33490308935843,4914014.92,6154344.27
-99.59349593495918,72.81301632657322,19316.92047920771,0,74.12035437341146,-0.0018019008000010996,-0.06301632657322528,1,-0.4119078575749093,73.4299003238755,4914014.92,6154344.27
-99.59349593495918,72.90920961520827,19316.92048474851,0,73.97377412406283,-0.004591540800001099,-0.1592096152082629,1,-0.3832025587441362,73.51792481736456,4914014.92,6154344.27
-99.59349593495918,72.93923820795676,19316.920490292487,0,73.9488351233056,-0.005462380800001099,-0.1892382079567667,1,-0.3524868710768107,73.60401526589692,4914014.92,6154344.27
-99.59349593495918,72.94534571834629,19316.920495824445,0,73.86943748824176,-0.0056395008000011,-0.1953457183462929,1,-0.31416224338253385,73.68651755207546,4914014.92,6154344.27
-99.59349593495918,72.93771133035939,19316.92050138274,0,73.88928689700771,-0.0054181008000011,-0.18771133035938517,1,-0.28169064647821956,73.7639811421826,4914014.92,6154344.27
-99.59349593495918,73.0277971086049,19316.920506926166,0,73.70249887092804,-0.008030620800001099,-0.27779710860489654,1,-0.2579731477988928,73.82123905208441,4914014.92,6154344.27
-99.59349593495918,73.35811162883844,19316.920512469547,0,73.18488736541569,-0.017609860800001098,-0.6081116288384384,1,-0.2575150845196783,73.83190174730615,4914014.92,6154344.27
-99.59349593495918,73.49044102061151,19316.920518013507,0,72.83370551801794,-0.021447460800001098,-0.7404410206115061,1,-0.26499678474684796,73.79574019620814,4914014.92,6154344.27
-99.59349593495918,73.4268211207206,19316.920523557084,0,72.7263151270021,-0.0196024608000011,-0.6768211207206082,1,-0.28433723431368085,73.72542748284874,4914014.92,6154344.27
-99.59349593495918,73.19524468511774,19316.920529112143,0,72.87493121314724,-0.0128866608000011,-0.44524468511773985,1,-0.30347410020086296,73.65577641644816,4914014.92,6154344.27
-99.59349593495918,73.02474335341013,19316.92053465551,0,73.25461477569611,-0.0079420608000011,-0.27474335341013345,1,-0.3156382250600026,73.59778051570763,4914014.92,6154344.27
-99.59349593495918,72.91786192159343,19316.920540200197,0,73.59968911270434,-0.004842460800001099,-0.167861921593425,1,-0.32360343652634305,73.56205157992889,4914014.92,6154344.27
-99.59349593495918,72.88070790005715,19316.920545742858,0,73.77171732200934,-0.0037649808000010995,-0.13070790005714064,1,-0.31970989865302013,73.55612220525907,4914014.92,6154344.27
-99.59349593495918,72.90819169681001,19316.920551300638,0,73.74372456605734,-0.004562020800001099,-0.15819169681000853,1,-0.29701031837194775,73.58151926929551,4914014.92,6154344.27
-99.59349593495918,73.06749592613681,19316.920556843947,0,73.59968911270434,-0.0091819008000011,-0.3174959261368169,1,-0.27525231260926064,73.60340451485798,4914014.92,6154344.27
-99.59349593495918,73.14587564280241,19316.920562387833,0,73.67297923737866,-0.011454940800001099,-0.39587564280240306,1,-0.2724530370140612,73.61635752647575,4914014.92,6154344.27
-99.59349593495918,73.16674296996662,19316.920567931098,0,73.62971770545285,-0.012060100800001099,-0.4167429699666176,1,-0.27932398620227816,73.62381377874297,4914014.92,6154344.27
