----isotherm parameters----
start time: ,2022-11-30 15:53:00.288678+00:00
end time: ,2022-11-30 16:12:09.776499+00:00
number of smooting values: ,6
total sample steps: ,2000
stepper delay: ,0.001
area_change_expected: ,1.4e+18
molecules deposited: ,4.223928996e+39
plate perimeter: ,25.08036
plate width: ,12.54
isotherm type: ,Compression
----isotherm data----
area_per_molecule (Ang^2/molecule),surface pressure (mN/m)
3.735384760241363e-22,-0.7795725108838925
3.7337275354142814e-22,-0.7610399984645259
3.7320703105872e-22,-0.759234266485203
3.730413085760119e-22,-0.7613251140402083
3.7287558609330376e-22,-0.7649365779988542
3.7270986361059563e-22,-0.7403215999649263
3.725441411278875e-22,-0.7245452047771579
3.7237841864517933e-22,-0.7450735262263023
3.722126961624712e-22,-0.7615151910906635
3.7204697367976307e-22,-0.7248303203528402
3.7188125119705494e-22,-0.7091489636902993
3.717155287143468e-22,-0.730437593341264
3.715498062316387e-22,-0.733003633522407
3.7138408374893056e-22,-0.7215990104951047
3.712183612662224e-22,-0.7333837876233172
3.7105263878351426e-22,-0.7489701057606307
3.7088691630080613e-22,-0.7565731877788324
3.70721193818098e-22,-0.7573334959806525
3.7055547133538987e-22,-0.7717793518152357
3.7038974885268175e-22,-0.7807129731866226
3.7022402636997357e-22,-0.775485854299109
3.7005830388726544e-22,-0.7821385510650355
3.698925814045573e-22,-0.7838492445191308
3.697268589218492e-22,-0.7725396600170558
3.6956113643914106e-22,-0.7857500150236812
3.6939541395643293e-22,-0.8153069963694403
3.692296914737248e-22,-0.8202489996812714
3.6906396899101663e-22,-0.8221497701858218
3.688982465083085e-22,-0.8289925440022033
3.6873252402560037e-22,-0.8464796326440672
3.6856680154289225e-22,-0.8618758737309257
3.684010790601841e-22,-0.880788540251202
3.68235356577476e-22,-0.9120562150510566
3.680696340947678e-22,-0.9192791429683483
3.679039116120597e-22,-0.9055935953355853
3.6773818912935156e-22,-0.9111058297987814
3.6757246664664343e-22,-0.9040729789319449
3.674067441639353e-22,-0.894949280510103
3.672410216812272e-22,-0.8998912838219341
3.6707529919851905e-22,-0.9108207142230987
3.6690957671581088e-22,-0.9016019772760293
3.6674385423310275e-22,-0.9111058297987814
3.665781317503946e-22,-0.933820037328159
3.664124092676865e-22,-0.944749467729324
3.6624668678497836e-22,-0.9528277423736631
3.6608096430227024e-22,-0.9773476818823634
3.6591524181956206e-22,-0.9738312564489453
3.6574951933685393e-22,-0.9726907941462152
3.655837968541458e-22,-0.9894175745862587
3.654180743714377e-22,-0.9741163720246276
3.6525235188872955e-22,-0.9833351089716974
3.650866294060214e-22,-1.0043386230469793
3.649209069233133e-22,-0.9897977286871688
3.647551844406051e-22,-1.0194497485581553
3.64589461957897e-22,-1.0453952659452685
3.6442373947518887e-22,-1.0416887634613954
3.6425801699248074e-22,-1.0414986864109401
3.640922945097726e-22,-1.0433994569154905
3.639265720270645e-22,-1.0680144349494185
3.637608495443563e-22,-1.0626922775366776
3.635951270616482e-22,-1.0457754200461786
3.6342940457894005e-22,-1.0279081773034047
3.6326368209623192e-22,-1.0428292257641256
3.630979596135238e-22,-1.009945896035403
3.6293223713081567e-22,-0.9743064490750828
3.6276651464810754e-22,-0.9785831827103214
3.6260079216539937e-22,-0.9585300538873144
3.6243506968269124e-22,-0.9772526433571361
3.622693471999831e-22,-0.964137326875738
3.62103624717275e-22,-0.9725007170957601
3.6193790223456686e-22,-0.9860912262032954
3.6177217975185873e-22,-0.9966405025035504
3.6160645726915055e-22,-0.9700297154398444
3.6144073478644242e-22,-0.9892274975358036
3.612750123037343e-22,-1.0184043247806525
3.6110928982102617e-22,-1.0083302411065354
3.6094356733831804e-22,-1.017929132154515
3.607778448556099e-22,-1.0277181002529494
3.6061212237290174e-22,-1.0482464217020941
3.604463998901936e-22,-1.0344658355441039
3.602806774074855e-22,-1.0595560062041691
3.6011495492477736e-22,-1.0461555741470887
3.5994923244206923e-22,-1.0702953595548792
3.597835099593611e-22,-1.050242230731872
3.5961778747665297e-22,-1.0594609676789417
3.594520649939448e-22,-1.0535685791148353
3.5928634251123667e-22,-1.0489116913786865
3.5912062002852854e-22,-1.052047962711195
3.589548975458204e-22,-1.05109757745892
3.587891750631123e-22,-1.0278131387781773
3.5862345258040416e-22,-1.0364616445738817
3.58457730097696e-22,-1.025817329748399
3.5829200761498786e-22,-1.008235202581308
3.5812628513227973e-22,-0.992934000019677
3.579605626495716e-22,-1.0012973902396987
3.5779484016686347e-22,-0.9919836147674017
3.5762911768415535e-22,-0.987326727031253
3.574633952014472e-22,-0.9950248475746823
3.5729767271873904e-22,-1.0261024453240817
3.571319502360309e-22,-1.0211604420122506
3.569662277533228e-22,-1.027908177303405
3.5680050527061466e-22,-1.0261974838493093
3.5663478278790653e-22,-1.0382673765532044
3.564690603051984e-22,-1.0573701201239363
3.5630333782249023e-22,-1.0519529241859675
3.561376153397821e-22,-1.0585105824266663
3.5597189285707397e-22,-1.0577502742248461
3.5580617037436585e-22,-1.0570850045482538
3.556404478916577e-22,-1.0755224784423927
3.554747254089496e-22,-1.065353356243048
3.5530900292624146e-22,-1.0335154502918285
3.551432804435333e-22,-1.049671999580507
3.5497755796082516e-22,-1.0564197348716609
3.5481183547811703e-22,-1.0470109208741365
3.546461129954089e-22,-1.027052830576357
3.544803905127008e-22,-1.0333253732413734
3.5431466802999265e-22,-1.0318997953629607
3.5414894554728448e-22,-1.0105161271867682
3.5398322306457635e-22,-1.0155531690238273
3.538175005818682e-22,-0.9991115041594658
3.536517780991601e-22,-1.000442043512651
3.5348605561645196e-22,-0.9714552933182573
3.5332033313374384e-22,-0.9607159399675472
3.531546106510357e-22,-0.9527327038484357
3.5298888816832753e-22,-0.9331547676515664
3.528231656856194e-22,-0.9001763993976165
3.526574432029113e-22,-0.8881065066937214
3.5249172072020315e-22,-0.8708094951023124
3.5232599823749502e-22,-0.8637766442354758
3.521602757547869e-22,-0.8555082925406817
3.519945532720787e-22,-0.8606403729029677
3.518288307893706e-22,-0.8294677366283408
3.5166310830666247e-22,-0.8310833915572088
3.5149738582395434e-22,-0.7985802159293965
3.513316633412462e-22,-0.795919137223026
3.511659408585381e-22,-0.8166375357226255
3.5100021837582995e-22,-0.8013363331609947
3.508344958931218e-22,-0.806088259422371
3.5066877341041365e-22,-0.7841343600948134
3.5050305092770552e-22,-0.8022867184132698
3.503373284449974e-22,-0.7966794454248461
3.5017160596228927e-22,-0.796299291323936
3.5000588347958114e-22,-0.800290909383492
3.4984016099687297e-22,-0.7914523265373324
3.4967443851416484e-22,-0.7903118642346021
3.495087160314567e-22,-0.7758660084000191
3.493429935487486e-22,-0.782233589590263
3.4917727106604046e-22,-0.7924027117896077
3.4901154858333233e-22,-0.7835641289434482
3.488458261006242e-22,-0.7910721724364224
3.4868010361791603e-22,-0.7884110937300518
3.485143811352079e-22,-0.7906920183355123
3.4834865865249977e-22,-0.7885061322552794
3.4818293616979164e-22,-0.81340622586489
3.480172136870835e-22,-0.8128359947135247
3.478514912043754e-22,-0.8233852710137796
3.476857687216672e-22,-0.8363105104447225
3.475200462389591e-22,-0.8310833915572089
3.4735432375625096e-22,-0.8345047784653996
3.4718860127354283e-22,-0.8727102656068628
3.470228787908347e-22,-0.861780835205698
3.4685715630812657e-22,-0.8745159975861859
3.4669143382541845e-22,-0.8788877697466516
3.4652571134271027e-22,-0.8888668148955415
3.4635998886000214e-22,-0.8715698033041326
3.46194266377294e-22,-0.8825942722305253
3.460285438945859e-22,-0.8807885402512023
3.4586282141187776e-22,-0.8704293410014025
3.4569709892916963e-22,-0.8852553509368956
3.4553137644646146e-22,-0.9077794814158183
3.4536565396375333e-22,-0.8893420075216792
3.451999314810452e-22,-0.8981805903678385
3.4503420899833707e-22,-0.894569126409193
3.4486848651562895e-22,-0.9079695584662734
3.447027640329208e-22,-0.8925733173794148
3.4453704155021264e-22,-0.9080645969915008
3.443713190675045e-22,-0.9033126707301248
3.442055965847964e-22,-0.9188989888674381
3.4403987410208826e-22,-0.9273574176126874
3.4387415161938013e-22,-0.9160478331106124
3.43708429136672e-22,-0.9226054913513114
3.435427066539639e-22,-0.9227955684017665
3.433769841712557e-22,-0.9421834275481809
3.4321126168854758e-22,-0.9107256756978712
3.4304553920583945e-22,-0.915572640484475
3.428798167231313e-22,-0.9244112233306344
3.427140942404232e-22,-0.9311589586217882
3.4254837175771506e-22,-0.9433238898509111
3.423826492750069e-22,-0.9212749519981261
3.4221692679229876e-22,-0.9519723956466155
3.4205120430959063e-22,-0.9378116553877148
3.418854818268825e-22,-0.9564392063323087
3.417197593441744e-22,-0.9495013939906999
3.4155403686146625e-22,-0.9257417626838196
3.413883143787581e-22,-0.9349604996308892
3.4122259189604995e-22,-0.925266570057682
3.410568694133418e-22,-0.9358158463579369
3.408911469306337e-22,-0.9394273103165826
3.4072542444792557e-22,-0.9406628111445405
3.4055970196521744e-22,-0.9555838596052612
3.403939794825093e-22,-0.9256467241585922
3.4022825699980114e-22,-0.9504517792429752
3.40062534517093e-22,-0.9512120874447954
3.398968120343849e-22,-0.9261219167847298
3.3973108955167675e-22,-0.9334398832272489
3.3956536706896862e-22,-0.9607159399675474
3.393996445862605e-22,-0.9702197924902994
3.3923392210355237e-22,-0.9660380973802886
3.390681996208442e-22,-0.9777278359832736
3.3890247713813607e-22,-0.9744014876003103
3.3873675465542794e-22,-0.9763972966300883
3.385710321727198e-22,-0.97288087119667
3.384053096900117e-22,-0.9856160335771579
3.3823958720730356e-22,-0.9835251860221524
3.380738647245954e-22,-0.9838103015978349
3.3790814224188725e-22,-0.9906530754142165
3.3774241975917913e-22,-0.9840954171735175
3.37576697276471e-22,-0.9706949851164371
3.3741097479376287e-22,-0.9639472498252831
3.3724525231105474e-22,-0.979628606487824
3.370795298283466e-22,-0.9645174809766481
3.3691380734563844e-22,-0.9630919030982356
3.367480848629303e-22,-0.9722156015200772
3.365823623802222e-22,-0.9569143989584464
3.3641663989751406e-22,-0.9444643521536412
3.3625091741480593e-22,-0.9429437357500009
3.360851949320978e-22,-0.9504517792429751
3.3591947244938963e-22,-0.9552987440295785
3.357537499666815e-22,-0.9336299602777038
3.3558802748397337e-22,-0.9597655547152723
3.3542230500126524e-22,-0.9430387742752285
3.352565825185571e-22,-0.9446544292040963
3.35090860035849e-22,-0.959195323563907
3.3492513755314086e-22,-0.9540632432016208
3.347594150704327e-22,-0.9759221040039506
3.3459369258772456e-22,-0.9761121810544058
3.3442797010501643e-22,-0.9701247539650719
3.342622476223083e-22,-0.9763022581048609
3.3409652513960017e-22,-0.9817194540428296
3.3393080265689205e-22,-0.9766824122057708
3.3376508017418387e-22,-0.9825748007698772
3.3359935769147574e-22,-0.9859011491528404
3.334336352087676e-22,-1.0090905493083555
3.332679127260595e-22,-1.0008221976135612
3.3310219024335136e-22,-1.0063344320767573
3.3293646776064323e-22,-0.9742114105498553
3.327707452779351e-22,-0.9897026901619412
3.3260502279522693e-22,-1.00776000995517
3.324393003125188e-22,-0.9898927672123962
3.3227357782981067e-22,-0.9940744623224073
3.3210785534710255e-22,-0.9826698392951047
3.319421328643944e-22,-0.9654678662289234
3.317764103816863e-22,-0.9594804391395896
3.316106878989781e-22,-0.9860912262032956
3.3144496541627e-22,-0.9725007170957599
3.3127924293356186e-22,-0.9492162784150174
3.3111352045085373e-22,-0.9758270654787232
3.309477979681456e-22,-0.9654678662289234
3.307820754854375e-22,-0.9533029349998009
3.3061635300272935e-22,-0.9652777891784684
3.3045063052002118e-22,-0.9585300538873143
3.3028490803731305e-22,-0.9454147374059164
3.301191855546049e-22,-0.9412330422959058
3.299534630718968e-22,-0.9531128579493456
3.2978774058918866e-22,-0.9555838596052614
3.2962201810648054e-22,-0.9442742751031862
3.2945629562377236e-22,-0.9476006234861494
3.2929057314106423e-22,-0.956819360433219
3.291248506583561e-22,-0.9583399768368593
3.28959128175648e-22,-0.9756369884282682
3.2879340569293985e-22,-0.9665132900064263
3.2862768321023172e-22,-0.9658480203298335
3.2846196072752355e-22,-0.9611911325936849
3.282962382448154e-22,-0.9720255244696224
3.281305157621073e-22,-0.9784881441850938
3.2796479327939917e-22,-0.9744014876003103
3.2779907079669104e-22,-0.9830499933960147
3.276333483139829e-22,-0.967938867884839
3.274676258312748e-22,-0.981624415517602
3.273019033485666e-22,-0.9901778827880788
3.271361808658585e-22,-0.9883721508087558
3.2697045838315035e-22,-1.0042435845217519
3.2680473590044222e-22,-1.0049088541983446
3.266390134177341e-22,-1.008995510783128
3.2647329093502597e-22,-1.0259123682736266
3.263075684523178e-22,-1.0122268206408636
3.2614184596960967e-22,-1.0086153566822178
3.2597612348690154e-22,-1.0389326462297974
3.258104010041934e-22,-1.0414986864109401
3.256446785214853e-22,-1.0297139092827277
3.2547895603877716e-22,-1.0624071619609947
3.2531323355606903e-22,-1.054233848791428
3.2514751107336085e-22,-1.0690598587269213
3.2498178859065273e-22,-1.0707705521810167
3.248160661079446e-22,-1.0516678086102849
3.2465034362523647e-22,-1.0320898724134155
3.2448462114252834e-22,-1.0533785020643802
3.243188986598202e-22,-1.0452051888948135
3.2415317617711204e-22,-1.0455853429957234
3.239874536944039e-22,-1.061171661133037
3.238217312116958e-22,-1.0550891955184756
3.2365600872898766e-22,-1.0418788405118502
3.2349028624627953e-22,-1.0775182874721705
3.233245637635714e-22,-1.0557544651950683
3.2315884128086327e-22,-1.0603163144059893
3.229931187981551e-22,-1.0671590882223707
3.2282739631544697e-22,-1.069915205453969
3.2266167383273884e-22,-1.0665888570710058
3.224959513500307e-22,-1.0549941569932482
3.223302288673226e-22,-1.0531884250139254
3.2216450638461446e-22,-1.067729319373736
3.219987839019063e-22,-1.0484364987525492
3.2183306141919816e-22,-1.049862076630962
3.2166733893649003e-22,-1.0746671317153451
3.215016164537819e-22,-1.0527132323877877
3.2133589397107377e-22,-1.0654483947682756
3.2117017148836565e-22,-1.0648781636169102
3.210044490056575e-22,-1.0853114465408273
3.2083872652294934e-22,-1.0534735405896078
3.206730040402412e-22,-1.069059858726921
3.205072815575331e-22,-1.071911014483747
3.2034155907482496e-22,-1.0688697816764663
3.2017583659211683e-22,-1.0683945890503288
3.200101141094087e-22,-1.0612666996582645
3.1984439162670053e-22,-1.0477712290759564
3.196786691439924e-22,-1.0404532626334375
3.1951294666128428e-22,-1.0410234937848026
3.1934722417857615e-22,-1.0523330782868776
3.19181501695868e-22,-1.037792183927067
3.190157792131599e-22,-1.0306642945350026
3.1885005673045176e-22,-1.0493868840048244
3.186843342477436e-22,-1.049481922530052
3.1851861176503546e-22,-1.0682995505251012
3.1835288928232733e-22,-1.0459654970966337
3.181871667996192e-22,-1.0584155439014389
3.180214443169111e-22,-1.0492918454795968
3.1785572183420295e-22,-1.0493868840048242
3.1768999935149478e-22,-1.0487216143282316
3.1752427686878665e-22,-1.0506223848327823
3.173585543860785e-22,-1.070675513655789
3.171928319033704e-22,-1.0638327398394078
3.1702710942066227e-22,-1.0625022004862223
3.1686138693795414e-22,-1.050622384832782
3.16695664455246e-22,-1.0586056209518941
3.1652994197253784e-22,-1.0656384718187304
3.163642194898297e-22,-1.0740018620387524
3.161984970071216e-22,-1.0748572087658
3.1603277452441345e-22,-1.065923587394413
3.1586705204170532e-22,-1.0658285488691854
3.157013295589972e-22,-1.0729564382612495
3.15535607076289e-22,-1.0862618317931025
3.153698845935809e-22,-1.080369443228996
3.1520416211087277e-22,-1.0587006594771216
3.1503843962816464e-22,-1.0698201669287417
3.148727171454565e-22,-1.0650682406673653
3.147069946627484e-22,-1.0565147733968885
3.1454127218004026e-22,-1.076853017795578
3.143755496973321e-22,-1.0806545588046788
3.1420982721462395e-22,-1.0835057145615044
3.1404410473191583e-22,-1.0844560998137796
3.138783822492077e-22,-1.0856916006417372
3.1371265976649957e-22,-1.0689648202016937
3.1354693728379144e-22,-1.067159088222371
3.1338121480108327e-22,-1.0463456511975437
3.1321549231837514e-22,-1.0578453127500738
3.13049769835667e-22,-1.0421639560875327
3.128840473529589e-22,-1.0546140028923379
3.1271832487025076e-22,-1.068299550525101
3.1255260238754263e-22,-1.0572750815987089
3.1238687990483445e-22,-1.0505273463075546
3.1222115742212633e-22,-1.0354162207963789
3.120554349394182e-22,-1.0602212758807619
3.1188971245671007e-22,-1.047486113500274
3.1172398997400194e-22,-1.049101768429142
3.115582674912938e-22,-1.0325650650395533
3.113925450085857e-22,-1.0297139092827277
3.112268225258775e-22,-1.0472009979245913
3.110611000431694e-22,-1.0317097183125055
3.1089537756046126e-22,-1.0457754200461786
3.1072965507775313e-22,-1.0436845724911732
3.10563932595045e-22,-1.038552492128887
3.1039821011233687e-22,-1.054043771740973
3.102324876296287e-22,-1.0410234937848024
3.1006676514692057e-22,-1.0301891019088651
3.0990104266421244e-22,-1.0247719059708964
3.097353201815043e-22,-1.0204001338104305
3.095695976987962e-22,-1.0279081773034047
3.0940387521608806e-22,-1.0106111657119958
3.0923815273337993e-22,-1.0170737854274672
3.0907243025067176e-22,-1.026197483849309
3.0890670776796363e-22,-1.0296188707575
3.087409852852555e-22,-1.0527132323877877
3.0857526280254738e-22,-1.0459654970966337
3.0840954031983925e-22,-1.049671999580507
3.082438178371311e-22,-1.0452051888948135
3.0807809535442294e-22,-1.0649732021421379
3.079123728717148e-22,-1.045490304470496
3.077466503890067e-22,-1.0666838955962332
3.0758092790629856e-22,-1.065163279192593
3.0741520542359043e-22,-1.059175852103259
3.072494829408823e-22,-1.0600311988303068
3.070837604581742e-22,-1.0714358218576094
3.06918037975466e-22,-1.0561346192959784
3.0675231549275788e-22,-1.0763778251694402
3.0658659301004975e-22,-1.07447705466489
3.064208705273416e-22,-1.0741919390892074
3.062551480446335e-22,-1.0629773931123598
3.0608942556192537e-22,-1.0757125554928477
3.059237030792172e-22,-1.0611716611330368
3.0575798059650906e-22,-1.0672541267475983
3.0559225811380093e-22,-1.0886377949237904
3.054265356310928e-22,-1.0711507062819265
3.052608131483847e-22,-1.0891129875499284
3.0509509066567655e-22,-1.073811784988297
3.0492936818296842e-22,-1.0844560998137796
3.0476364570026025e-22,-1.0789438653505832
3.045979232175521e-22,-1.077233171896488
3.04432200734844e-22,-1.0810347129055888
3.0426647825213587e-22,-1.076853017795578
3.0410075576942774e-22,-1.0820801366830917
3.039350332867196e-22,-1.1134428500081734
3.0376931080401144e-22,-1.1251325886111585
3.036035883213033e-22,-1.0882576408228806
3.034378658385952e-22,-1.0855965621165098
3.0327214335588705e-22,-1.08635687031833
3.0310642087317892e-22,-1.0876874096715154
3.029406983904708e-22,-1.0967160695681297
3.0277497590776267e-22,-1.0964309539924473
3.026092534250545e-22,-1.1079306155449775
3.0244353094234637e-22,-1.114583312310904
3.0227780845963824e-22,-1.105174498313379
3.021120859769301e-22,-1.0778984415730806
3.01946363494222e-22,-1.0886377949237906
3.0178064101151386e-22,-1.0815099055317263
3.016149185288057e-22,-1.0914889506806162
3.0144919604609755e-22,-1.0982366859717703
3.0128347356338943e-22,-1.0893981031256106
3.011177510806813e-22,-1.090348488377886
3.0095202859797317e-22,-1.1071703073431571
3.0078630611526504e-22,-1.0657335103439582
3.006205836325569e-22,-1.0714358218576094
3.0045486114984874e-22,-1.0930095670842566
3.002891386671406e-22,-1.0731465153117046
3.001234161844325e-22,-1.0835057145615044
2.9995769370172436e-22,-1.0804644817542237
2.9979197121901623e-22,-1.0566098119221161
2.996262487363081e-22,-1.0652583177178208
2.9946052625359993e-22,-1.0625022004862223
2.992948037708918e-22,-1.0880675637724255
2.9912908128818367e-22,-1.0801793661785413
2.9896335880547554e-22,-1.0697251284035136
2.987976363227674e-22,-1.0861667932678751
2.986319138400593e-22,-1.0910137580544788
2.9846619135735116e-22,-1.0751423243414826
2.98300468874643e-22,-1.0614567767087195
2.9813474639193486e-22,-1.0842660227633243
2.9796902390922673e-22,-1.0781835571487635
2.978033014265186e-22,-1.0671590882223707
2.9763757894381047e-22,-1.0778034030478532
2.9747185646110235e-22,-1.1001374564763207
2.9730613397839417e-22,-1.07523736286671
2.9714041149568604e-22,-1.081604944056954
2.969746890129779e-22,-1.0926294129833465
2.968089665302698e-22,-1.0873072555706054
2.9664324404756166e-22,-1.102228304031326
2.9647752156485353e-22,-1.0825553293092292
2.9631179908214536e-22,-1.081604944056954
2.9614607659943723e-22,-1.0895881801760658
2.959803541167291e-22,-1.0938649138113046
2.9581463163402098e-22,-1.0815099055317265
2.9564890915131285e-22,-1.085786639166965
2.954831866686047e-22,-1.0890179490247007
2.953174641858966e-22,-1.091774066256299
2.951517417031884e-22,-1.0795140965019485
2.949860192204803e-22,-1.1004225720520033
2.9482029673777216e-22,-1.050812461883237
2.9465457425506403e-22,-1.0891129875499281
2.944888517723559e-22,-1.089112987549928
2.943231292896478e-22,-1.1047943442124692
2.941574068069396e-22,-1.1010878417285959
2.939916843242315e-22,-1.1079306155449773
2.9382596184152335e-22,-1.099852340900638
2.936602393588152e-22,-1.0876874096715154
2.934945168761071e-22,-1.0800843276533139
2.9332879439339897e-22,-1.0948152990635796
2.9316307191069084e-22,-1.07599767106853
2.9299734942798266e-22,-1.0874022940958326
2.9283162694527454e-22,-1.0760927095937578
2.926659044625664e-22,-1.0506223848327823
2.925001819798583e-22,-1.0599361603050792
2.9233445949715015e-22,-1.0645930480412276
2.9216873701444202e-22,-1.0773282104217154
2.9200301453173385e-22,-1.0749522472910276
2.918372920490257e-22,-1.0920591818319811
2.916715695663176e-22,-1.104224113061104
2.9150584708360947e-22,-1.0786587497749007
2.9134012460090134e-22,-1.0955756072653997
2.911744021181932e-22,-1.0951954531644894
2.910086796354851e-22,-1.100897764678141
2.908429571527769e-22,-1.0806545588046788
2.906772346700688e-22,-1.1072653458683845
2.9051151218736065e-22,-1.1008977646781408
2.9034578970465253e-22,-1.08673702441924
2.901800672219444e-22,-1.080464481754224
2.9001434473923627e-22,-1.0789438653505834
2.898486222565281e-22,-1.090538565428341
2.8968289977381997e-22,-1.099472186799728
2.8951717729111184e-22,-1.0923442974076638
2.893514548084037e-22,-1.108405808171115
2.891857323256956e-22,-1.0732415538369322
2.8902000984298746e-22,-1.0760927095937578
2.8885428736027933e-22,-1.0668739726466885
2.8868856487757115e-22,-1.0710556677566994
2.8852284239486303e-22,-1.0807495973299064
2.883571199121549e-22,-1.0530933864886978
2.8819139742944677e-22,-1.0585105824266663
2.8802567494673864e-22,-1.0554693496193857
2.878599524640305e-22,-1.0509075004084647
2.8769422998132234e-22,-1.0535685791148353
2.875285074986142e-22,-1.031614679787278
2.873627850159061e-22,-1.0462506126723163
2.8719706253319796e-22,-1.0367467601495641
2.8703134005048983e-22,-1.0247719059708966
2.868656175677817e-22,-1.0219207502140708
2.8669989508507357e-22,-1.0400731085325274
2.865341726023654e-22,-1.0349410281702414
2.8636845011965727e-22,-1.0318997953629605
2.8620272763694914e-22,-1.0414036478857127
2.86037005154241e-22,-1.0420689175623055
2.858712826715329e-22,-1.029808947807955
2.8570556018882476e-22,-1.0314246027368232
2.855398377061166e-22,-1.0299039863331825
2.8537411522340846e-22,-1.0348459896450137
2.8520839274070033e-22,-1.0247719059708966
2.850426702579922e-22,-1.0301891019088651
2.8487694777528408e-22,-1.0143176681958692
2.8471122529257595e-22,-1.0053840468244823
2.845455028098678e-22,-1.003673353370387
2.8437978032715965e-22,-1.0074748943794878
2.842140578444515e-22,-1.001867621391064
2.840483353617434e-22,-0.9921736918178569
2.8388261287903526e-22,-1.001867621391064
2.8371689039632713e-22,-0.9855209950519304
2.83551167913619e-22,-0.992553845918767
2.8338544543091083e-22,-0.9876118426069359
2.832197229482027e-22,-0.9792484523869142
2.8305400046549458e-22,-0.9820996081437396
2.8288827798278645e-22,-0.9594804391395896
2.827225555000783e-22,-0.9803889146896442
2.825568330173702e-22,-0.9670835211577913
2.8239111053466207e-22,-0.9636621342496006
2.822253880519539e-22,-0.9552037055043513
2.8205966556924576e-22,-0.9564392063323087
2.8189394308653764e-22,-0.9518773571213878
2.817282206038295e-22,-0.9424685431238632
2.815624981211214e-22,-0.9449395447797788
2.8139677563841325e-22,-0.925266570057682
2.812310531557051e-22,-0.900081360872389
2.8106533067299695e-22,-0.9013168617003467
2.808996081902888e-22,-0.9080645969915008
2.807338857075807e-22,-0.9069241346887705
2.8056816322487257e-22,-0.9040729789319449
2.8040244074216444e-22,-0.9037878633562624
2.8023671825945626e-22,-0.9019821313769394
2.8007099577674814e-22,-0.9057836723860403
2.7990527329404e-22,-0.8989408985696588
2.797395508113319e-22,-0.8935237026316901
2.7957382832862375e-22,-0.8966599739641983
2.7940810584591563e-22,-0.8692888786986721
2.792423833632075e-22,-0.8587396023984173
2.790766608804993e-22,-0.8816438869782499
2.789109383977912e-22,-0.8684335319716244
2.7874521591508307e-22,-0.8556983695911367
2.7857949343237494e-22,-0.840967398180871
2.784137709496668e-22,-0.8399219744033681
2.782480484669587e-22,-0.8360253948690399
2.780823259842505e-22,-0.8142615725919375
2.779166035015424e-22,-0.8153069963694403
2.7775088101883425e-22,-0.80304702661509
2.7758515853612613e-22,-0.7764362395513841
2.77419436053418e-22,-0.7755808928243365
2.7725371357070987e-22,-0.7676926952304522
2.7708799108800174e-22,-0.7526766082445041
2.7692226860529357e-22,-0.7590441894347478
2.7675654612258544e-22,-0.7349044040269574
2.765908236398773e-22,-0.7300574392403539
2.764251011571692e-22,-0.7148512752039506
2.7625937867446106e-22,-0.7201734326166918
2.7609365619175293e-22,-0.6944179922800336
2.7592793370904475e-22,-0.7023061898739179
2.7576221122633663e-22,-0.6982195332891344
2.755964887436285e-22,-0.6811125987481806
2.7543076626092037e-22,-0.6691377445695131
2.7526504377821224e-22,-0.6706583609731535
2.750993212955041e-22,-0.6573529674413005
2.74933598812796e-22,-0.6489895772212786
2.747678763300878e-22,-0.6432872657076273
2.746021538473797e-22,-0.6537415034826546
2.7443643136467156e-22,-0.626085292641446
2.7427070888196343e-22,-0.6111642441807252
2.741049863992553e-22,-0.5943424252154541
2.7393926391654717e-22,-0.5967183883461421
2.73773541433839e-22,-0.5769503750988177
2.7360781895113087e-22,-0.589590498954078
2.7344209646842274e-22,-0.5827477251376965
2.732763739857146e-22,-0.5832229177638341
2.731106515030065e-22,-0.5874046128738449
2.7294492902029836e-22,-0.5712480635851666
2.7277920653759023e-22,-0.571723256211304
2.7261348405488206e-22,-0.553285782317165
2.7244776157217393e-22,-0.5474884322782863
2.722820390894658e-22,-0.5169810656802519
2.7211631660675768e-22,-0.5023451327952136
2.7195059412404955e-22,-0.503485595097944
2.717848716413414e-22,-0.5182165665082098
2.7161914915863325e-22,-0.4966428212815625
2.714534266759251e-22,-0.496927936857245
2.71287704193217e-22,-0.4796309252658362
2.7112198171050886e-22,-0.4813416187199316
2.7095625922780073e-22,-0.47725496213514823
2.707905367450926e-22,-0.4494086742434846
2.706248142623845e-22,-0.43420251020708117
2.704590917796763e-22,-0.4177608453427201
2.702933692969682e-22,-0.40217452720540664
2.7012764681426005e-22,-0.3821213983823997
2.699619243315519e-22,-0.37299769996055776
2.697962018488438e-22,-0.37736947212102373
2.6963047936613567e-22,-0.3682457736991817
2.694647568834275e-22,-0.35275449408709575
2.6929903440071936e-22,-0.3457216432202592
2.6913331191801124e-22,-0.33821359972728504
2.689675894353031e-22,-0.29991307406059414
2.68801866952595e-22,-0.28613248790260365
2.6863614446988685e-22,-0.29240503056761996
2.6847042198717872e-22,-0.2663644746552792
2.6830469950447055e-22,-0.25315411964865375
2.681389770217624e-22,-0.22122117517220677
2.679732545390543e-22,-0.22302690715152965
2.6780753205634617e-22,-0.20725051196376112
2.6764180957363804e-22,-0.19983750699601455
2.674760870909299e-22,-0.1805446863748278
2.6731036460822174e-22,-0.1570701706436301
2.671446421255136e-22,-0.15849574852204293
2.669789196428055e-22,-0.15545451571476224
2.6681319716009735e-22,-0.11724902857329882
2.6664747467738923e-22,-0.12399676386445284
2.664817521946811e-22,-0.12447195649059041
2.6631602971197297e-22,-0.09643559154847174
2.661503072292648e-22,-0.07372138401909423
2.6598458474655667e-22,-0.05794498883132574
2.6581886226384854e-22,-0.0631721077188394
2.656531397811404e-22,-0.03675139770558857
2.654874172984323e-22,-0.03447047310012807
2.6532169481572416e-22,-0.014607421327576186
2.65155972333016e-22,0.0050655533945206535
2.6499024985030785e-22,-0.016413153306899086
2.6482452736759973e-22,0.010482749332489348
2.646588048848916e-22,0.047452735645995
2.6449308240218347e-22,0.04127523150620614
2.6432735991947534e-22,0.0469775430198574
2.6416163743676717e-22,0.060282936551710326
2.6399591495405904e-22,0.08613341541359604
2.638301924713509e-22,0.08917464822087671
2.636644699886428e-22,0.10029415567249665
2.6349874750593466e-22,0.11046327787184139
2.6333302502322653e-22,0.11588047380981009
2.631673025405184e-22,0.11103350902320652
2.6300158005781023e-22,0.12281828615141911
2.628358575751021e-22,0.12006216891982102
2.6267013509239397e-22,0.12633471158483742
2.6250441260968584e-22,0.14733822566011953
2.623386901269777e-22,0.16406500610016322
2.621729676442696e-22,0.17138297254268234
2.620072451615614e-22,0.18117194064111697
2.618415226788533e-22,0.18041163243929684
2.6167580019614516e-22,0.20055979978753125
2.6151007771343703e-22,0.2047414948975422
2.613443552307289e-22,0.23154235901170314
2.6117863274802078e-22,0.23040189670897285
2.6101291026531265e-22,0.22897631883056002
2.6084718778260447e-22,0.2618596485592823
2.6068146529989635e-22,0.27649558144432057
2.605157428171882e-22,0.2886605126734432
2.603500203344801e-22,0.30709798656758225
2.6018429785177196e-22,0.299399866024153
2.6001857536906383e-22,0.3314278490258276
2.5985285288635566e-22,0.36307567792659207
2.5968713040364753e-22,0.38864104121279525
2.595214079209394e-22,0.3857898854559696
2.5935568543823128e-22,0.39500862240303913
2.5918996295552315e-22,0.42047894716401474
2.59024240472815e-22,0.4294125685354017
2.588585179901069e-22,0.4288423373840366
2.586927955073987e-22,0.43226372429222737
2.585270730246906e-22,0.46315124499117166
2.5836135054198246e-22,0.47598144589688696
2.5819562805927434e-22,0.4673329401011826
2.580299055765662e-22,0.4830142967637236
2.578641830938581e-22,0.5196041289763191
2.576984606111499e-22,0.5224552847331448
2.575327381284418e-22,0.54602483898957
2.5736701564573365e-22,0.5682638538928099
2.572012931630255e-22,0.5874616359887691
2.570355706803174e-22,0.6042834549540402
2.5686984819760927e-22,0.6464805601550596
2.5670412571490114e-22,0.6441045970243716
2.5653840323219296e-22,0.6621619168176005
2.5637268074948484e-22,0.693239514567
2.562069582667767e-22,0.6967559400004181
2.560412357840686e-22,0.713672797490917
2.5587551330136045e-22,0.7221312262361663
2.5570979081865233e-22,0.7248873434677644
2.5554406833594415e-22,0.7611920601046774
2.55378345853236e-22,0.7703157585265195
2.552126233705279e-22,0.7780138790699488
2.5504690088781977e-22,0.8003479324984161
2.5488117840511164e-22,0.8423549606489802
2.547154559224035e-22,0.8327560696010007
2.545497334396954e-22,0.8338014933785035
2.543840109569872e-22,0.8537595836762827
2.542182884742791e-22,0.8534744681006002
2.5405256599157095e-22,0.8811306789418089
2.5388684350886283e-22,0.8915849167168362
2.537211210261547e-22,0.8976673823313975
2.5355539854344657e-22,0.9067910807532397
2.533896760607384e-22,0.9161048562255365
2.5322395357803027e-22,0.9402446416333269
2.5305823109532214e-22,0.9398644875324168
2.52892508612614e-22,0.9084067356821074
2.527267861299059e-22,0.8825562568202217
2.5256106364719776e-22,0.8964318815034398
2.5239534116448963e-22,0.8790398313868032
2.5222961868178145e-22,0.9012788462900433
2.5206389619907333e-22,0.9319762899385324
2.518981737163652e-22,0.9618183868599742
2.5173245123365707e-22,0.986243287843447
2.5156672875094894e-22,0.9928959846093736
2.514010062682408e-22,1.021977773328995
2.5123528378553264e-22,1.0591378366929558
2.510695613028245e-22,1.0527702555027119
2.509038388201164e-22,1.071397806447306
2.5073811633740826e-22,1.074914231880724
2.5057239385470013e-22,1.1375446200056605
2.50406671371992e-22,1.1767004923993991
2.5024094888928388e-22,1.2127200934606295
2.500752264065757e-22,1.233058337859319
2.4990950392386757e-22,1.2458885387650342
2.4974378144115944e-22,1.2684126692439568
2.495780589584513e-22,1.3088040424656533
2.494123364757432e-22,1.3119403137981613
2.4924661399303506e-22,1.3048124244060972
2.490808915103269e-22,1.3349396369032214
2.4891516902761876e-22,1.3376957541348196
2.4874944654491063e-22,1.3494805312630322
2.485837240622025e-22,1.3510961861919
2.4841800157949438e-22,1.3882562495558608
2.4825227909678625e-22,1.3968097168263378
2.4808655661407807e-22,1.4277922760505095
2.4792083413136995e-22,1.4581095655980885
2.477551116486618e-22,1.4885218936708953
2.475893891659537e-22,1.5325247308512375
2.4742366668324556e-22,1.5244464562068982
2.4725794420053743e-22,1.5788084926370403
2.470922217178293e-22,1.6209105593128321
2.4692649923512113e-22,1.651132810335184
2.46760776752413e-22,1.6543641201929196
2.465950542697049e-22,1.662347356312031
2.4642933178699675e-22,1.6900986056784673
2.462636093042886e-22,1.6949455704650707
2.460978868215805e-22,1.7132880058339826
2.459321643388723e-22,1.7175647394692206
2.457664418561642e-22,1.7188952788224061
2.4560071937345606e-22,1.742369794553604
2.4543499689074794e-22,1.7809554357959776
2.452692744080398e-22,1.7784844341400616
2.451035519253317e-22,1.7930253284998727
2.4493782944262355e-22,1.7747779316561887
2.447721069599154e-22,1.8156444975040225
2.4460638447720725e-22,1.817070075382435
2.444406619944991e-22,1.823342618047452
2.44274939511791e-22,1.8436808624461412
2.4410921702908287e-22,1.8297101992376958
2.4394349454637474e-22,1.8405445911136329
2.4377777206366656e-22,1.8490030198588823
2.4361204958095844e-22,1.8725725741153074
2.434463270982503e-22,1.8878737766769385
2.432806046155422e-22,1.8958570127960501
2.4311488213283405e-22,1.960578248475992
2.4294915965012593e-22,1.9793008379458135
2.427834371674178e-22,2.005816586484292
2.426177146847096e-22,2.052005309744867
2.424519922020015e-22,2.0671164352560427
2.4228626971929337e-22,2.082797791918584
2.4212054723658524e-22,2.1086482707804697
2.419548247538771e-22,2.126895667624154
2.41789102271169e-22,2.123474280715963
2.416233797884608e-22,2.1159662372229886
2.414576573057527e-22,2.134213634066673
2.4129193482304455e-22,2.1368747127730434
2.4112621234033643e-22,2.170708427754041
2.409604898576283e-22,2.1714687359558607
2.4079476737492017e-22,2.1817328966804332
2.4062904489221204e-22,2.20064556320071
2.4046332240950387e-22,2.1904764410013655
2.4029759992679574e-22,2.217182266590299
2.401318774440876e-22,2.222504424003039
2.399661549613795e-22,2.256053023408355
2.3980043247867136e-22,2.247879710238788
2.3963470999596323e-22,2.282948926047743
2.3946898751325506e-22,2.3144066778980528
2.3930326503054693e-22,2.337310962477885
2.391375425478388e-22,2.343488466617674
2.3897182006513067e-22,2.3711446774588825
2.3880609758242254e-22,2.398705849774864
2.386403750997144e-22,2.4234158663340195
2.384746526170063e-22,2.4246513671619767
2.383089301342981e-22,2.428547946696305
2.3814320765159e-22,2.4349155278865493
2.3797748516888186e-22,2.46323700840435
2.3781176268617373e-22,2.480724097046214
2.376460402034656e-22,2.480438981470532
2.3748031772075748e-22,2.5016325725962694
2.373145952380493e-22,2.5263425891554245
2.3714887275534117e-22,2.5305242842654354
2.3698315027263305e-22,2.5463957179784313
2.368174277899249e-22,2.5562797246020934
2.366517053072168e-22,2.5694900796087192
2.3648598282450866e-22,2.5810847796864764
2.3632026034180053e-22,2.60779060527541
2.3615453785909236e-22,2.628794119350692
2.3598881537638423e-22,2.6324055833093376
2.358230928936761e-22,2.6783091909942303
2.3565737041096798e-22,2.694845894383819
2.3549164792825985e-22,2.7140436764797777
2.353259254455517e-22,2.7300101487180015
2.3516020296284355e-22,2.7597572071142156
2.349944804801354e-22,2.780095451512905
2.348287579974273e-22,2.7922603827420276
2.3466303551471916e-22,2.7861779171274663
2.3449731303201104e-22,2.8030947746179646
2.343315905493029e-22,2.8275196756014385
2.341658680665948e-22,2.8310361010348566
2.340001455838866e-22,2.8655350856924464
2.338344231011785e-22,2.840349876507154
2.3366870061847035e-22,2.8418704929107936
2.335029781357622e-22,2.851754499534456
2.333372556530541e-22,2.8695267037520025
2.3317153317034597e-22,2.876844670194522
2.330058106876378e-22,2.8613533905824355
2.3284008820492966e-22,2.8626839299356206
2.3267436572222154e-22,2.8983233768959415
2.325086432395134e-22,2.88150155793067
2.323429207568053e-22,2.9029802646320904
2.3217719827409715e-22,2.906781805641191
2.32011475791389e-22,2.9361487099364947
2.3184575330868085e-22,2.985473704529578
2.316800308259727e-22,2.9788210077636514
2.315143083432646e-22,2.998969175111886
2.3134858586055647e-22,3.0160761096528397
2.3118286337784834e-22,3.030521965487423
2.310171408951402e-22,3.034228467971296
2.3085141841243204e-22,3.0571327525511287
2.306856959297239e-22,3.0783263436768658
2.305199734470158e-22,3.107027978295578
2.3035425096430765e-22,3.1286967620474524
2.3018852848159953e-22,3.138770845721569
2.300228059988914e-22,3.1339238809349657
2.2985708351618322e-22,3.1739351000557523
2.296913610334751e-22,3.194083267403986
2.2952563855076697e-22,3.2347597562013655
2.2935991606805884e-22,3.237515873432964
2.291941935853507e-22,3.287221022126957
2.290284711026426e-22,3.31240623131225
2.2886274861993446e-22,3.3159226567456686
2.286970261372263e-22,3.3635369578846563
2.2853130365451815e-22,3.385395818686986
2.2836558117181003e-22,3.379598468648108
2.281998586891019e-22,3.4156180697093377
2.2803413620639377e-22,3.4245516910807243
2.2786841372368564e-22,3.452112863396706
2.2770269124097747e-22,3.4499269773164727
2.2753696875826934e-22,3.48071945949019
2.273712462755612e-22,3.482145037368602
2.272055237928531e-22,3.488227502983164
2.2703980131014496e-22,3.507045130978213
2.2687407882743683e-22,3.5220612179641617
2.267083563447287e-22,3.5246272581453044
2.2654263386202053e-22,3.531374993436458
2.263769113793124e-22,3.53631699674829
2.2621118889660427e-22,3.563117860862451
2.2604546641389614e-22,3.5648285543165454
2.25879743931188e-22,3.5802247954034043
2.257140214484799e-22,3.619570744847598
2.255482989657717e-22,3.5992325004489083
2.253825764830636e-22,3.6310704064001276
2.2521685400035546e-22,3.6281242121180743
2.2505113151764733e-22,3.620616168625101
2.248854090349392e-22,3.646371608961758
2.2471968655223108e-22,3.6778293608120687
2.2455396406952295e-22,3.685622519880724
2.2438824158681477e-22,3.699117990463033
2.2422251910410665e-22,3.6923702551718787
2.240567966213985e-22,3.736848284978359
2.238910741386904e-22,3.734757437423353
2.2372535165598226e-22,3.726869239829469
2.2355962917327413e-22,3.765074726970932
2.2339390669056596e-22,3.792825976337369
2.2322818420785783e-22,3.809837872353095
2.230624617251497e-22,3.8245688437633607
2.228967392424416e-22,3.839204776648399
2.2273101675973345e-22,3.85640674971458
2.225652942770253e-22,3.883397690879196
2.223995717943172e-22,3.885868692535112
2.22233849311609e-22,3.9229337173738448
2.220681268289009e-22,3.92236348622248
2.2190240434619276e-22,3.9276856436352214
2.2173668186348464e-22,3.9467883872059524
2.215709593807765e-22,3.9587632413846205
2.214052368980684e-22,3.9706430570380604
2.212395144153602e-22,3.982712949741955
2.210737919326521e-22,3.994402688344941
2.2090806944994395e-22,3.9974439211522217
2.207423469672358e-22,3.9968736900008555
2.205766244845277e-22,4.02890167300253
2.2041090200181957e-22,4.034033753364818
2.2024517951911144e-22,4.050190302653497
2.2007945703640326e-22,4.0604544633780675
2.1991373455369514e-22,4.0481944936237175
2.19748012070987e-22,4.052091073158046
2.195822895882789e-22,4.067582352770132
2.1941656710557075e-22,4.061309810105115
2.1925084462286263e-22,4.0635907347105755
2.1908512214015445e-22,4.056272768268056
2.189193996574463e-22,4.0703384700017295
2.187536771747382e-22,4.063590734710576
2.1858795469203007e-22,4.082028208604715
2.1842223220932194e-22,4.08297859385699
2.182565097266138e-22,4.0780365905451585
2.180907872439057e-22,4.075945742990153
2.179250647611975e-22,4.08297859385699
2.177593422784894e-22,4.0975194882168005
2.1759361979578125e-22,4.079652245474026
2.1742789731307313e-22,4.07841674464607
2.17262174830365e-22,4.077941552019932
2.1709645234765687e-22,4.078131629070387
2.169307298649487e-22,4.094288178359065
2.1676500738224057e-22,4.074425126586513
2.1659928489953244e-22,4.113295883404569
2.164335624168243e-22,4.086495019290408
2.162678399341162e-22,4.099135143145669
2.1610211745140806e-22,4.102651568579087
2.159363949686999e-22,4.101701183326813
2.1577067248599176e-22,4.096283987388843
2.1560495000328363e-22,4.0847843258363135
2.154392275205755e-22,4.096474064439298
2.1527350503786737e-22,4.090106483249055
2.1510778255515924e-22,4.0833587479579
2.149420600724511e-22,4.083643863533583
2.1477633758974294e-22,4.1127256522532045
2.146106151070348e-22,4.095428640661796
2.144448926243267e-22,4.130212740895069
2.1427917014161856e-22,4.128692124491428
2.1411344765891043e-22,4.121944389200274
2.139477251762023e-22,4.132873819601438
2.1378200269349413e-22,4.13049785647075
2.13616280210786e-22,4.149885715617165
2.1345055772807787e-22,4.150170831192846
2.1328483524536975e-22,4.16271591652288
2.131191127626616e-22,4.169273574763579
2.129533902799535e-22,4.164521648502203
2.1278766779724536e-22,4.179632774013379
2.126219453145372e-22,4.184384700274755
2.1245622283182906e-22,4.2147970283475615
2.1229050034912093e-22,4.20947487093482
2.121247778664128e-22,4.212991296368238
2.119590553837047e-22,4.1998759798868415
2.1179333290099655e-22,4.245114317895141
2.116276104182884e-22,4.254903285993576
2.1146188793558027e-22,4.257849480275628
2.1129616545287212e-22,4.294059158387314
2.11130442970164e-22,4.268303718050656
2.1096472048745586e-22,4.279043071401365
2.1079899800474771e-22,4.306699282242574
2.1063327552203958e-22,4.326087141388989
2.1046755303933146e-22,4.306984397818257
2.103018305566233e-22,4.310025630625538
2.1013610807391518e-22,4.321240176602386
2.0997038559120705e-22,4.321810407753751
2.0980466310849892e-22,4.323521101207846
2.0963894062579077e-22,4.3493715800697315
2.0947321814308264e-22,4.325897064338533
2.0930749566037452e-22,4.334735647184693
2.0914177317766636e-22,4.356214353886113
2.0897605069495824e-22,4.3556441227347475
2.088103282122501e-22,4.3534582366545145
2.0864460572954196e-22,4.354123506331107
2.0847888324683383e-22,4.372846095800929
2.083131607641257e-22,4.3674288998629605
2.0814743828141755e-22,4.387386990160739
2.0798171579870942e-22,4.3755071745073
2.078159933160013e-22,4.3660033219845475
2.0765027083329317e-22,4.366193399035002
2.0748454835058502e-22,4.3799739851929935
2.073188258678769e-22,4.386816759009375
2.0715310338516876e-22,4.389382799190518
2.069873809024606e-22,4.404588963226921
2.0682165841975248e-22,4.420460396939917
2.0665593593704435e-22,4.409626005063981
2.064902134543362e-22,4.431199750290627
2.0632449097162808e-22,4.435951676552003
2.0615876848891995e-22,4.4599013849093385
2.059930460062118e-22,4.457145267677741
2.0582732352350367e-22,4.454769304547052
2.0566160104079554e-22,4.478148781753022
2.0549587855808741e-22,4.484516362943266
2.0533015607537926e-22,4.50314391388786
2.0516443359267113e-22,4.512647766410613
2.04998711109963e-22,4.496871371222844
2.0483298862725486e-22,4.508180955724919
2.0466726614454673e-22,4.51388326723857
2.045015436618386e-22,4.5294695853758835
2.0433582117913045e-22,4.534506627212942
2.0417009869642232e-22,4.552373869955717
2.040043762137142e-22,4.536597474767947
2.0383865373100604e-22,4.552278831430488
2.0367293124829791e-22,4.540969246928413
2.0350720876558979e-22,4.554084563409811
2.0334148628288164e-22,4.567389956941665
2.031757638001735e-22,4.588203393966491
2.0301004131746538e-22,4.571191497950765
2.0284431883475725e-22,4.5877282013403535
2.026785963520491e-22,4.567199879891209
2.0251287386934097e-22,4.567389956941664
2.0234715138663285e-22,4.582786198028523
2.021814289039247e-22,4.589248817743995
2.0201570642121657e-22,4.607591253112905
2.0184998393850844e-22,4.588583548067401
2.0168426145580029e-22,4.584306814432163
2.0151853897309216e-22,4.584401852957391
2.0135281649038403e-22,4.60245917275062
2.0118709400767588e-22,4.601033594872206
2.0102137152496775e-22,4.61471914250497
2.0085564904225963e-22,4.604169866204714
2.006899265595515e-22,4.61433898840406
2.0052420407684335e-22,4.63733831150912
2.0035848159413522e-22,4.636768080357755
2.001927591114271e-22,4.659387249361905
2.0002703662871894e-22,4.651594090293248
1.998613141460108e-22,4.653114706696888
1.9969559166330268e-22,4.654160130474391
1.9952986918059453e-22,4.663473905946687
1.993641466978864e-22,4.676114029801949
1.9919842421517828e-22,4.679345339659684
1.9903270173247013e-22,4.676874338003769
1.98866979249762e-22,4.69027477006085
1.9870125676705387e-22,4.6997786225836
1.9853553428434574e-22,4.696452274200639
1.983698118016376e-22,4.713559208741592
1.9820408931892946e-22,4.748248270449637
1.9803836683622134e-22,4.733422260514144
1.9787264435351318e-22,4.746252461419859
1.9770692187080506e-22,4.758607469699437
1.9754119938809693e-22,4.775999519816073
1.9737547690538878e-22,4.770582323878104
1.9720975442268065e-22,4.784457948561323
1.9704403193997252e-22,4.792821338781344
1.9687830945726437e-22,4.79149079942816
1.9671258697455624e-22,4.797478226517493
1.9654686449184812e-22,4.803180538031143
1.9638114200913996e-22,4.801564883102276
1.9621541952643184e-22,4.8116389667763935
1.960496970437237e-22,4.81943212584505
1.9588397456101558e-22,4.821713050450511
1.9571825207830743e-22,4.811258812675483
1.955525295955993e-22,4.828080631640755
1.9538680711289117e-22,4.82019243404687
1.9522108463018302e-22,4.7993789970220435
1.950553621474749e-22,4.823328705379378
1.9488963966476677e-22,4.82209320455142
1.9472391718205862e-22,4.718406173528195
1.945581946993505e-22,4.596091591560376
1.9439247221664236e-22,4.423501629747197
1.942267497339342e-22,4.301662240405515
1.9406102725122608e-22,4.245304394945596
1.9389530476851795e-22,4.288166769823207
1.9372958228580983e-22,4.416943971506498
1.9356385980310168e-22,4.50162329748422
1.9339813732039355e-22,4.6007484792965245
1.9323241483768542e-22,4.665184599400784
1.9306669235497727e-22,4.687043460203113
1.9290096987226914e-22,4.724583677667985
1.9273524738956101e-22,4.719546635830926
1.9256952490685286e-22,4.723728330940936
1.9240380242414473e-22,4.699588545533146
1.922380799414366e-22,4.717455788275921
1.9207235745872846e-22,4.735418069543922
1.9190663497602033e-22,4.736368454796197
1.917409124933122e-22,4.755946390993066
1.9157519001060407e-22,4.802610306879779
1.9140946752789592e-22,4.823993975055971
1.912437450451878e-22,4.833022634952585
1.9107802256247967e-22,4.842336410424882
1.9091230007977151e-22,4.879686550839299
1.9074657759706339e-22,4.914660728123026
1.9058085511435526e-22,4.9221687716160005
1.904151326316471e-22,4.958378449727685
1.9024941014893898e-22,4.98080754168138
1.9008368766623085e-22,5.002951518059393
1.899179651835227e-22,5.032128345304241
1.8975224270081457e-22,5.050470780673153
1.8958652021810645e-22,5.030512690375374
1.8942079773539832e-22,5.020533645226485
1.8925507525269017e-22,4.993542704061869
1.8908935276998204e-22,4.963035337463833
1.889236302872739e-22,4.9127599576184755
1.8875790780456576e-22,4.897553793582072
1.8859218532185763e-22,4.850794839170132
1.884264628391495e-22,4.808407656918658
1.8826074035644135e-22,4.782177023955861
1.8809501787373323e-22,4.758702508224665
1.879292953910251e-22,4.737603955624155
1.8776357290831695e-22,4.731141335908682
1.8759785042560882e-22,4.721922598961613
1.874321279429007e-22,4.696452274200638
1.8726640546019254e-22,4.701679393088152
1.8710068297748441e-22,4.703580163592702
1.8693496049477628e-22,4.711278284136132
1.8676923801206816e-22,4.7353230310186945
1.8660351552936e-22,4.759082662325574
1.8643779304665188e-22,4.78835452809565
1.8627207056394375e-22,4.807742387242064
1.861063480812356e-22,4.8287459013173475
1.8594062559852747e-22,4.813064544654806
1.8577490311581934e-22,4.830361556246215
1.856091806331112e-22,4.798998842921133
1.8544345815040306e-22,4.821047780773918
1.8527773566769494e-22,4.830361556246214
1.8511201318498679e-22,4.835018443982363
1.8494629070227866e-22,4.840625716970787
1.8478056821957053e-22,4.875124701628377
1.846148457368624e-22,4.8761701254058805
1.8444912325415425e-22,4.908103069882327
1.8428340077144612e-22,4.907817954306645
1.84117678288738e-22,4.907152684630051
1.8395195580602984e-22,4.946593672599473
1.8378623332332172e-22,4.975295307218184
1.836205108406136e-22,5.009509176300091
1.8345478835790544e-22,4.998864861474609
1.832890658751973e-22,5.0215790690039865
1.8312334339248918e-22,5.022814569831945
1.8295762090978103e-22,5.019773337024664
1.827918984270729e-22,5.034789424010612
1.8262617594436478e-22,5.0671025225879704
1.8246045346165665e-22,5.092477808823717
1.822947309789485e-22,5.133724528772461
1.8212900849624037e-22,5.140947456689752
1.8196328601353224e-22,5.154442927272061
1.817975635308241e-22,5.157104005978431
1.8163184104811596e-22,5.165372357673227
1.8146611856540783e-22,5.162711278966856
1.8130039608269968e-22,5.161095624037988
1.8113467359999156e-22,5.157008967453205
1.8096895111728343e-22,5.144463882123172
1.8080322863457528e-22,5.160810508462306
1.8063750615186715e-22,5.161665855189353
1.8047178366915902e-22,5.180768598760085
1.8030606118645087e-22,5.176776980700529
1.8014033870374274e-22,5.181338829911451
1.7997461622103461e-22,5.183429677466456
1.7980889373832649e-22,5.1867560258494185
1.7964317125561834e-22,5.1917930676864765
1.794774487729102e-22,5.232849710584765
1.7931172629020208e-22,5.2486261057725345
1.7914600380749393e-22,5.27447658463442
1.789802813247858e-22,5.2770426248155635
1.7881455884207767e-22,5.265162809162123
1.7864883635936952e-22,5.2883522093176385
1.784831138766614e-22,5.32009507674363
1.7831739139395327e-22,5.331309622720479
1.7815166891124512e-22,5.346040594130744
1.7798594642853699e-22,5.351457790068712
1.7782022394582886e-22,5.352883367947125
1.7765450146312073e-22,5.362672336045559
1.7748877898041258e-22,5.398882014157246
1.7732305649770445e-22,5.410951906861141
1.7715733401499633e-22,5.408766020780907
1.7699161153228817e-22,5.423306915140718
1.7682588904958005e-22,5.416654218374791
1.7666016656687192e-22,5.437752770975301
1.7649444408416377e-22,5.432620690613015
1.7632872160145564e-22,5.452863896486478
1.7616299911874751e-22,5.465979212967874
1.7599727663603936e-22,5.447161584972826
1.7583155415333123e-22,5.46350821131196
1.756658316706231e-22,5.481660569630416
1.7550010918791498e-22,5.474532680238352
1.7533438670520683e-22,5.4857472262152
1.751686642224987e-22,5.47728879746995
1.7500294173979057e-22,5.4807101843781405
1.7483721925708242e-22,5.469780753976976
1.746714967743743e-22,5.483276224559283
1.7450577429166616e-22,5.483466301609739
1.7434005180895801e-22,5.470446023653569
1.7417432932624989e-22,5.47576818106631
1.7400860684354176e-22,5.469590676926522
1.738428843608336e-22,5.49648657956591
1.7367716187812548e-22,5.466739521169695
1.7351143939541735e-22,5.4824208778322365
1.7334571691270922e-22,5.470731139229251
1.7317999443000107e-22,5.489738844274755
1.7301427194729294e-22,5.492209845930671
1.7284854946458482e-22,5.484796840962924
1.7268282698187666e-22,5.496676656616365
1.7251710449916854e-22,5.518440478893467
1.723513820164604e-22,5.509031664895942
1.7218565953375226e-22,5.4775739130456325
1.7201993705104413e-22,5.492209845930671
1.71854214568336e-22,5.496771695141592
1.7168849208562785e-22,5.533076411778505
1.7152276960291972e-22,5.532316103576686
1.713570471202116e-22,5.511692743602313
1.7119132463750344e-22,5.533076411778505
1.7102560215479532e-22,5.55512534963129
1.708598796720872e-22,5.549613115168094
1.7069415718937906e-22,5.547332190562632
1.705284347066709e-22,5.576509017807482
1.7036271222396278e-22,5.577934595685895
1.7019698974125465e-22,5.583731945724774
1.700312672585465e-22,5.597892685983674
1.6986554477583838e-22,5.59998353353868
1.6969982229313025e-22,5.6102476942632515
1.695340998104221e-22,5.619276354159866
1.6936837732771397e-22,5.636098173125138
1.6920265484500584e-22,5.637333673953095
1.690369323622977e-22,5.665845231521352
1.6887120987958956e-22,5.657766956877013
1.6870548739688143e-22,5.685043013617311
1.685397649141733e-22,5.672307851236823
1.6837404243146516e-22,5.686848745596635
1.6820831994875703e-22,5.703765603087132
1.680425974660489e-22,5.690935402181418
1.6787687498334075e-22,5.71383968676125
1.6771115250063262e-22,5.706616758843958
1.675454300179245e-22,5.7119389162567
1.6737970753521634e-22,5.730281351625611
1.6721398505250821e-22,5.7308515827769755
1.6704826256980009e-22,5.744061937783601
1.6688254008709194e-22,5.751760058327032
1.667168176043838e-22,5.7402603967745
1.6655109512167568e-22,5.728475619646289
1.6638537263896755e-22,5.741495897602458
1.662196501562594e-22,5.764780336283201
1.6605392767355127e-22,5.782932694601658
1.6588820519084315e-22,5.760883756748872
1.65722482708135e-22,5.770672724847308
1.6555676022542687e-22,5.775804805209593
1.6539103774271874e-22,5.813725176775375
1.6522531526001059e-22,5.825319876853133
1.6505959277730246e-22,5.817241602208793
1.6489387029459433e-22,5.819902680915163
1.6472814781188618e-22,5.842046657293175
1.6456242532917805e-22,5.87065325338666
1.6439670284646993e-22,5.876925796051676
1.6423098036376177e-22,5.89441288469354
1.6406525788105365e-22,5.921498864383383
1.6389953539834552e-22,5.952006230981418
1.637338129156374e-22,5.9730097450567
1.6356809043292924e-22,5.979567403297398
1.6340236795022111e-22,6.000665955897908
1.6323664546751298e-22,6.019578622418185
1.6307092298480483e-22,6.035640133181636
1.629052005020967e-22,6.036495479908683
1.6273947801938858e-22,6.076221583453787
1.6257375553668043e-22,6.0855353589260845
1.624080330539723e-22,6.098650675407483
1.6224231057126417e-22,6.1240259616432295
1.6207658808855602e-22,6.120509536209813
1.619108656058479e-22,6.150256594606026
1.6174514312313976e-22,6.167933760298346
1.6157942064043164e-22,6.2003418974009294
1.6141369815772349e-22,6.230754225473736
1.6124797567501536e-22,6.248716506741737
1.6108225319230723e-22,6.244154657530817
1.6091653070959908e-22,6.255084087931981
1.6075080822689095e-22,6.259265783041993
1.6058508574418282e-22,6.279699065965908
1.6041936326147467e-22,6.292434228346397
1.6025364077876654e-22,6.305834660403478
1.6008791829605842e-22,6.282930375823645
1.5992219581335027e-22,6.298991886587096
1.5975647333064214e-22,6.255084087931981
1.59590750847934e-22,6.247005813287642
1.5942502836522588e-22,6.262782208475411
1.5925930588251773e-22,6.271335675745888
1.590935833998096e-22,6.306880084180981
1.5892786091710148e-22,6.334821410597872
1.5876213843439332e-22,6.350692844310868
1.585964159516852e-22,6.355159654996561
1.5843069346897707e-22,6.371601319860922
1.5826497098626892e-22,6.396691490520987
1.580992485035608e-22,6.37977463303049
1.5793352602085266e-22,6.388042984725284
1.577678035381445e-22,6.407525882396925
1.5760208105543638e-22,6.3953609511678025
1.5743635857272826e-22,6.434706900611997
1.5727063609002013e-22,6.4363225555408645
1.5710491360731198e-22,6.445256176912252
1.5693919112460385e-22,6.454569952384548
1.5677346864189572e-22,6.4760486590859685
1.5660774615918757e-22,6.508076642087642
1.5644202367647944e-22,6.531741234869295
1.5627630119377131e-22,6.55417032682299
1.5611057871106316e-22,6.566430296577341
1.5594485622835504e-22,6.555785981751858
1.557791337456469e-22,6.561868447366419
1.5561341126293876e-22,6.5856280786733
1.5544768878023063e-22,6.602259820588116
1.552819662975225e-22,6.630771378156372
1.5511624381481435e-22,6.682282258829688
1.5495052133210622e-22,6.731702291947999
1.547847988493981e-22,6.747478687135768
1.5461907636668997e-22,6.774184512724702
1.5445335388398182e-22,6.811249537563434
1.5428763140127369e-22,6.828736626205298
1.5412190891856556e-22,6.844037828766929
1.539561864358574e-22,6.871694039608137
1.5379046395314928e-22,6.906953332467548
1.5362474147044115e-22,6.942687817953097
1.53459018987733e-22,6.950766092597436
1.5329329650502487e-22,7.003702551149164
1.5312757402231675e-22,7.008264400360084
1.529618515396086e-22,7.020714447164891
1.5279612905690047e-22,6.998000239635513
1.5263040657419234e-22,7.022615217669441
1.5246468409148421e-22,7.034590071848108
1.5229896160877606e-22,7.066427977799329
1.5213323912606793e-22,7.085815836945742
1.519675166433598e-22,7.103397964112832
1.5180179416065165e-22,7.145975223414763
1.5163607167794353e-22,7.160896271875484
1.514703491952354e-22,7.152627920180689
1.5130462671252725e-22,7.187316981888735
1.5113890422981912e-22,7.1947299868564825
1.50973181747111e-22,7.199386874592631
1.5080745926440284e-22,7.206799879560378
1.5064173678169471e-22,7.20898576564061
1.5047601429898659e-22,7.210886536145158
1.5031029181627846e-22,7.23274539694749
1.501445693335703e-22,7.22970416414021
1.4997884685086218e-22,7.262017262717566
1.4981312436815405e-22,7.267529497180763
1.496474018854459e-22,7.286822317801949
1.4948167940273777e-22,7.296801362950839
1.4931595692002964e-22,7.281690237439663
1.491502344373215e-22,7.3008880195356225
1.4898451195461337e-22,7.335006850092303
1.4881878947190524e-22,7.345080933766419
1.4865306698919709e-22,7.372737144607629
1.4848734450648896e-22,7.36731994866966
1.4832162202378083e-22,7.390034156199039
1.4815589954107268e-22,7.427099181037771
1.4799017705836455e-22,7.45817677878717
1.4782445457565642e-22,7.503890309421607
1.476587320929483e-22,7.500754038089099
1.4749300961024014e-22,7.518906396407555
1.4732728712753202e-22,7.529930865333948
1.471615646448239e-22,7.578020359099072
1.4699584216211574e-22,7.589900174752514
1.468301196794076e-22,7.604726184688007
1.4666439719669948e-22,7.643501902980836
1.4649867471399133e-22,7.674294385154552
1.463329522312832e-22,7.701950595995761
1.4616722974857508e-22,7.746143510226557
1.4600150726586692e-22,7.762870290666601
1.458357847831588e-22,7.813525824612871
1.4567006230045067e-22,7.852396581430926
1.4550433981774254e-22,7.871499325001658
1.453386173350344e-22,7.893928416955352
1.4517289485232626e-22,7.917117817110868
1.4500717236961813e-22,7.95465803457574
1.4484144988690998e-22,7.982789438043085
1.4467572740420186e-22,8.0398125531796
1.4451000492149373e-22,8.074311537837188
1.4434428243878558e-22,8.118884606168894
1.4417855995607745e-22,8.163837828601514
1.4401283747336932e-22,8.202423469843886
1.4384711499066117e-22,8.216299094527104
1.4368139250795304e-22,8.265434012069733
1.4351567002524491e-22,8.299362765575959
1.4334994754253679e-22,8.320841472277376
1.4318422505982864e-22,8.325688437063981
1.430185025771205e-22,8.372732507051607
1.4285278009441238e-22,8.401244064619862
1.4268705761170423e-22,8.418160922110358
1.425213351289961e-22,8.48630354469849
1.4235561264628797e-22,8.50246009398717
1.4218989016357982e-22,8.50093947758353
1.420241676808717e-22,8.545607584440466
1.4185844519816357e-22,8.620973134945887
1.4169272271545542e-22,8.640646109667985
1.4152700023274729e-22,8.69263218296744
1.4136127775003916e-22,8.736635020147782
1.4119555526733103e-22,8.777976778621754
1.4102983278462288e-22,8.810004761623428
1.4086411030191475e-22,8.813045994430707
1.4069838781920663e-22,8.86132556524629
1.4053266533649847e-22,8.893448586773191
1.4036694285379035e-22,8.93184415096511
1.4020122037108222e-22,8.967388559400202
1.4003549788837407e-22,9.005689085066892
1.3986977540566594e-22,9.030209024575592
1.3970405292295781e-22,9.073166437978434
1.3953833044024966e-22,9.093789797952804
1.3937260795754153e-22,9.12467731865175
1.392068854748334e-22,9.21553414876926
1.3904116299212525e-22,9.228934580826339
1.3887544050941713e-22,9.302399360827215
1.38709718026709e-22,9.363699209598964
1.3854399554400087e-22,9.430416254308684
1.3837827306129272e-22,9.465770585693322
1.382125505785846e-22,9.526595241838935
1.3804682809587646e-22,9.583428279924993
1.3788110561316831e-22,9.658508714854735
1.3771538313046019e-22,9.714011213587607
1.3754966064775206e-22,9.749840737598381
1.373839381650439e-22,9.823590633174938
1.3721821568233578e-22,9.891638217237844
1.3705249319962765e-22,9.965863305440537
1.368867707169195e-22,10.012812336902934
1.3672104823421137e-22,10.06926522088808
1.3655532575150324e-22,10.13408149509325
1.3638960326879512e-22,10.204314965236389
1.3622388078608697e-22,10.268941162391103
1.3605815830337884e-22,10.288424060062745
1.358924358206707e-22,10.339079594009014
1.3572671333796256e-22,10.402565328860996
1.3556099085525443e-22,10.46719152601571
1.353952683725463e-22,10.532482992847017
1.3522954588983815e-22,10.608133658928123
1.3506382340713002e-22,10.683879363534459
1.348981009244219e-22,10.772360230521281
1.3473237844171375e-22,10.831189077637115
1.3456665595900562e-22,10.87927857140224
1.344009334762975e-22,10.95255327435266
1.3423521099358936e-22,11.022216513344432
1.340694885108812e-22,11.06869035218069
1.3390376602817308e-22,11.156125795390011
1.3373804354546496e-22,11.192430512026924
1.335723210627568e-22,11.311608822662235
1.3340659858004868e-22,11.406267193788844
1.3324087609734055e-22,11.473459431124702
1.330751536146324e-22,11.559374257930381
1.3290943113192427e-22,11.605943135291866
1.3274370864921614e-22,11.7296832951381
1.32577986166508e-22,11.786326256173702
1.3241226368379986e-22,11.874712084635297
1.3224654120109174e-22,11.91215726357494
1.3208081871838358e-22,11.975738036952151
1.3191509623567546e-22,12.071536870381493
1.3174937375296733e-22,12.145856997109414
1.315836512702592e-22,12.220082085312109
1.3141792878755105e-22,12.297348406322081
1.3125220630484292e-22,12.398754512739847
1.310864838221348e-22,12.48951630433213
1.3092076133942664e-22,12.572960129481892
1.3075503885671852e-22,12.62599162655885
1.3058931637401039e-22,12.696510212277671
1.3042359389130224e-22,12.792499122757464
1.302578714085941e-22,12.898657155436604
1.3009214892588598e-22,13.019261043950332
1.2992642644317783e-22,13.143856550523614
1.297607039604697e-22,13.262939822633696
1.2959498147776157e-22,13.369478009413745
1.2942925899505345e-22,13.431918320488228
1.292635365123453e-22,13.508234256245927
1.2909781402963717e-22,13.612776633996198
1.2893209154692904e-22,13.703728502638938
1.287663690642209e-22,13.813783114852406
1.2860064658151276e-22,13.903214367091502
1.2843492409880463e-22,14.034367531905481
1.2826920161609648e-22,14.126269785800496
1.2810347913338835e-22,14.253051178454008
1.2793775665068023e-22,14.344668316773339
1.2777203416797208e-22,14.437996148546764
1.2760631168526395e-22,14.555368727202753
1.2744058920255582e-22,14.660006143478254
1.272748667198477e-22,14.737367503013454
1.2710914423713954e-22,14.863198510414692
1.2694342175443141e-22,14.999958948217094
1.2677769927172329e-22,15.110203637481021
1.2661197678901513e-22,15.197353965114656
1.26446254306307e-22,15.257418313058452
1.2628053182359888e-22,15.366902694120554
1.2611480934089073e-22,15.479713423565622
1.259490868581826e-22,15.5939497308891
1.2578336437547447e-22,15.721776547320117
1.2561764189276632e-22,15.85093390310432
1.254519194100582e-22,15.978760719535332
1.2528619692735007e-22,16.058117888100316
1.2512047444464194e-22,16.155532376458524
1.2495475196193379e-22,16.260454908309708
1.2478902947922566e-22,16.383529798479348
1.2462330699651753e-22,16.522666199412438
1.2445758451380938e-22,16.645170858430713
1.2429186203110125e-22,16.757696472300093
1.2412613954839312e-22,16.887994290387027
1.2396041706568497e-22,17.037584929095146
1.2379469458297685e-22,17.17548582920028
1.2362897210026872e-22,17.283639670909196
1.2346324961756057e-22,17.41916460788364
1.2329752713485244e-22,17.540528804599187
1.231318046521443e-22,17.703424836839158
1.2296608216943616e-22,17.83201196147199
1.2280035968672803e-22,17.976660596868275
1.226346372040199e-22,18.09355798289813
1.2246891472131178e-22,18.23345469203304
1.2230319223860363e-22,18.34702572967993
1.221374697558955e-22,18.46515861653774
1.2197174727318737e-22,18.574357882024156
1.2180602479047922e-22,18.721097364975453
1.216403023077711e-22,18.908798452299806
1.2147457982506296e-22,19.057628782806102
1.213088573423548e-22,19.223946201954266
1.2114313485964668e-22,19.320315266534973
1.2097741237693856e-22,19.476748679059472
1.208116898942304e-22,19.610277807004138
1.2064596741152228e-22,19.783628077019134
1.2048024492881415e-22,19.916777050862894
1.2031452244610602e-22,20.090222359403118
1.2014879996339787e-22,20.31118693055711
1.1998307748068974e-22,20.408886534490996
1.1981735499798162e-22,20.535477850094054
1.1965163251527346e-22,20.67508944365328
1.1948591003256534e-22,20.86906307364265
1.193201875498572e-22,21.046595038767663
1.1915446506714906e-22,21.198561640606467
1.1898874258444093e-22,21.298162015044905
1.188230201017328e-22,21.44043468731051
1.1865729761902465e-22,21.587839439938392
1.1849157513631652e-22,21.72830638022467
1.183258526536084e-22,21.848435076112253
1.1816013017090027e-22,21.976166854018043
1.1799440768819212e-22,22.087647044109925
1.1782868520548399e-22,22.2477869591183
1.1766296272277586e-22,22.422277691436026
1.174972402400677e-22,22.57747560313257
1.1733151775735958e-22,22.769263347041704
1.1716579527465145e-22,22.894048930665438
1.170000727919433e-22,23.073671743345457
1.1683435030923517e-22,23.21974595662016
1.1666862782652705e-22,23.388439338899005
1.165029053438189e-22,23.573764463092672
1.1633718286111077e-22,23.793208417843015
1.1617146037840264e-22,23.965133109979604
1.160057378956945e-22,24.096666428894494
1.1584001541298636e-22,24.20634088700705
1.1567429293027823e-22,24.353745639634937
1.155085704475701e-22,24.569197976325725
1.1534284796486195e-22,24.74235816929027
1.1517712548215383e-22,24.928443601685757
1.150114029994457e-22,25.05703072631859
1.1484568051673755e-22,25.300804543527182
1.1467995803402942e-22,25.433383286219577
1.145142355513213e-22,25.624695837502575
1.1434851306861314e-22,25.809165614969192
1.1418279058590501e-22,25.961322293858455
1.1401706810319689e-22,26.178960516629477
1.1385134562048873e-22,26.332067580771014
1.136856231377806e-22,26.51767782054036
1.1351990065507248e-22,26.719539648123614
1.1335417817236435e-22,26.976333743288375
1.131884556896562e-22,27.178575724972536
1.1302273320694807e-22,27.35781838355165
1.1285701072423994e-22,27.51225598704637
1.126912882415318e-22,27.737022099209454
1.1252556575882367e-22,27.899062784722375
1.1235984327611554e-22,28.09075549010629
1.1219412079340739e-22,28.377866874818626
1.1202839831069926e-22,28.574881737615282
1.1186267582799113e-22,28.770851176634423
1.1169695334528298e-22,28.92842505146166
1.1153123086257485e-22,29.14254684879926
1.1136550837986672e-22,29.382899279099664
1.111997858971586e-22,29.747562100397662
1.1103406341445045e-22,29.968241555975965
1.1086834093174232e-22,30.218763108475713
1.107026184490342e-22,30.415112701595763
1.1053689596632604e-22,30.679890032879644
1.103711734836179e-22,30.913779843464567
1.1020545100090978e-22,31.226931784089256
1.1003972851820163e-22,31.579144558582442
1.098740060354935e-22,31.7789155386107
1.0970828355278538e-22,31.97954186536599
1.0954256107007723e-22,32.1405371271014
1.093768385873691e-22,32.383170482007266
1.0921111610466097e-22,32.61230836633083
1.0904539362195284e-22,32.848574140046445
1.088796711392447e-22,32.99626400825001
1.0871394865653656e-22,33.16771350776046
1.0854822617382844e-22,33.30998618002606
1.0838250369112028e-22,33.48856356892857
1.0821678120841216e-22,33.620382003419145
1.0805105872570403e-22,33.76312986831088
1.0788533624299588e-22,33.885634527329145
1.0771961376028775e-22,33.99816014119853
1.0755389127757962e-22,34.22701290994641
1.0738816879487147e-22,34.439043859729004
1.0722244631216334e-22,34.650694655410696
1.0705672382945522e-22,34.87745657660356
1.0689100134674706e-22,35.12142047086261
1.0672527886403894e-22,35.33782319280568
1.065595563813308e-22,35.569527117310365
1.0639383389862268e-22,35.734894151206255
1.0622811141591453e-22,36.02675746217997
1.060623889332064e-22,36.326413932222344
1.0589666645049827e-22,36.54433727056905
1.0573094396779013e-22,36.85996021284965
1.05565221485082e-22,37.026182593472576
1.0539949900237386e-22,37.242965469516555
1.0523377651966573e-22,37.44463722004935
1.0506805403695759e-22,37.69297288646887
1.0490233155424946e-22,37.97818350067666
1.0473660907154132e-22,38.309582838145026
1.0457088658883318e-22,38.55810858161499
1.0440516410612505e-22,38.82478668340341
1.0423944162341691e-22,39.07597350557975
1.0407371914070878e-22,39.29617776853192
1.0390799665800065e-22,39.591747581989516
1.0374227417529251e-22,39.84901686978041
1.0357655169258438e-22,40.10638119609654
1.0341082920987624e-22,40.28837997190724
1.032451067271681e-22,40.46496155177997
1.0307938424445997e-22,40.64591490381318
1.0291366176175183e-22,41.036238126922605
1.0274793927904371e-22,41.32068843292856
1.0258221679633557e-22,41.607609740590455
1.0241649431362743e-22,41.894816163828025
1.022507718309193e-22,42.18858024530629
1.0208504934821116e-22,42.46409692994087
1.0191932686550302e-22,42.73144030140589
1.0175360438279489e-22,43.0125642590289
1.0158788190008675e-22,43.264131235306145
1.0142215941737863e-22,43.5509575044428
1.0125643693467049e-22,43.78845877898638
1.0109071445196235e-22,44.070057929235524
1.0092499196925422e-22,44.26450675185104
1.0075926948654608e-22,44.493074405023215
1.0059354700383794e-22,44.60588513446829
1.0042782452112981e-22,44.808792385829044
1.0026210203842167e-22,45.083738839312254
1.0009637955571355e-22,45.36752387564164
9.99306570730054e-23,45.5659643163167
9.976493459029727e-23,45.79586250884208
9.959921210758914e-23,46.1568188276562
9.9433489624881e-23,46.51017206445213
9.926776714217287e-23,46.84442255767732
9.910204465946473e-23,47.0457141541092
9.893632217675659e-23,47.28169481224915
9.877059969404846e-23,47.53107590244616
9.860487721134033e-23,47.84403776602037
9.843915472863219e-23,48.05492825350026
9.827343224592406e-23,48.281975290268804
9.810770976321592e-23,48.565000018396354
9.794198728050779e-23,48.91341125188044
9.777626479779965e-23,49.16241218797655
9.761054231509151e-23,49.43241663814794
9.744481983238338e-23,49.736920072976915
9.727909734967524e-23,50.01861426175129
9.71133748669671e-23,50.266949928170796
9.694765238425898e-23,50.50891801340007
9.678192990155084e-23,50.70479241389399
9.661620741884271e-23,51.01480808318616
9.645048493613457e-23,51.37814036513098
9.628476245342643e-23,51.541131435896176
9.61190399707183e-23,51.746129534811935
9.595331748801016e-23,52.015468715306724
9.578759500530204e-23,52.26256888089829
9.56218725225939e-23,52.48210787417386
9.545615003988576e-23,52.674275772183904
9.529042755717763e-23,52.91576866478704
9.512470507446949e-23,53.14310081713128
9.495898259176135e-23,53.39647352538785
9.479326010905322e-23,53.60346743333338
9.462753762634508e-23,53.785276132093635
9.446181514363696e-23,53.86995545807135
9.429609266092882e-23,54.120857164672
9.413037017822068e-23,54.27795584687309
9.396464769551255e-23,54.40578266330411
9.379892521280441e-23,54.493788337664796
9.363320273009627e-23,54.69469977999578
9.346748024738814e-23,54.98599285981813
9.330175776468e-23,55.203441005538686
9.313603528197188e-23,55.404732601970586
9.297031279926374e-23,55.58625618515515
9.28045903165556e-23,55.85996713781041
9.263886783384747e-23,56.031796791421776
9.247314535113933e-23,56.14213651921093
9.23074228684312e-23,56.13348801341522
9.214170038572306e-23,56.22177880335158
9.197597790301492e-23,56.29638404565518
9.18102554203068e-23,56.39028210857998
9.164453293759865e-23,56.48617598053455
9.147881045489052e-23,56.61970510847922
9.131308797218239e-23,56.8379135624016
9.114736548947425e-23,56.9742938461031
9.098164300676612e-23,57.000049286439754
9.081592052405798e-23,57.00518136680204
9.065019804134984e-23,57.02219326281777
9.048447555864171e-23,57.08007172468132
9.031875307593357e-23,57.149069693996516
9.015303059322543e-23,57.146598692340596
8.998730811051731e-23,57.23061274864171
8.982158562780917e-23,57.36642280119184
8.965586314510104e-23,57.41717337366334
8.94901406623929e-23,57.45499870670389
8.932441817968476e-23,57.47144037156826
8.915869569697663e-23,57.57617282636898
8.899297321426849e-23,57.62084093322593
8.882725073156037e-23,57.54490515156913
8.866152824885223e-23,57.50004696766174
8.849580576614409e-23,57.4778079527585
8.833008328343596e-23,57.45623420753185
8.816436080072782e-23,57.518769557131556
8.799863831801968e-23,57.522000866989295
8.783291583531155e-23,57.60135803555428
8.766719335260341e-23,57.58396598543764
8.750147086989529e-23,57.67824420246334
8.733574838718715e-23,57.75674602430127
8.717002590447901e-23,57.85045401017561
8.700430342177088e-23,57.87953579889523
8.683858093906274e-23,57.9637399322468
8.667285845635461e-23,57.93522837467856
8.650713597364647e-23,57.95870289040975
8.634141349093833e-23,58.04480779426589
8.61756910082302e-23,58.066286500967315
8.600996852552207e-23,58.12159892264973
8.584424604281393e-23,58.14412305312865
8.56785235601058e-23,58.34018753067303
8.551280107739766e-23,58.42277600909574
8.534707859468953e-23,58.320419517425705
8.518135611198139e-23,58.32783252239344
8.501563362927325e-23,58.467919308578814
8.484991114656512e-23,58.516579033495304
8.468418866385698e-23,58.52921915735056
8.451846618114885e-23,58.49671598172275
8.435274369844072e-23,58.525417616341464
8.418702121573258e-23,58.579874691296844
8.402129873302445e-23,58.59527093238369
8.385557625031631e-23,58.626823722759234
8.368985376760817e-23,58.505554564568904
8.352413128490004e-23,58.51695918759621
8.33584088021919e-23,58.56923037647135
8.319268631948378e-23,58.515058417091666
8.302696383677564e-23,58.576928497014784
8.28612413540675e-23,58.67006625173775
8.269551887135937e-23,58.65324443277248
8.252979638865123e-23,58.52959931145148
8.236407390594309e-23,58.38381021375245
8.219835142323496e-23,58.29599461644222
8.203262894052682e-23,58.314051936235465
8.18669064578187e-23,58.42619739600392
8.170118397511056e-23,58.5876678503655
8.153546149240242e-23,58.507360296548235
8.136973900969429e-23,58.48740220625046
8.120401652698615e-23,58.66883075090979
8.103829404427801e-23,58.725378673420174
8.087257156156988e-23,58.866510883383036
8.070684907886174e-23,58.84322644470229
8.054112659615362e-23,58.788009061545104
8.037540411344548e-23,58.67833460343254
8.020968163073734e-23,58.64782723683451
8.004395914802921e-23,58.676718948503684
7.987823666532107e-23,58.76538989254095
7.971251418261294e-23,58.67976018131096
7.95467916999048e-23,58.639653923664945
7.938106921719666e-23,58.58063499949865
7.921534673448853e-23,58.64221996384609
7.90496242517804e-23,58.679380027210044
7.888390176907226e-23,58.669210905010694
7.871817928636413e-23,58.80435568788423
7.855245680365599e-23,58.823173315879295
7.838673432094786e-23,58.87867581461216
7.822101183823972e-23,58.893026631921515
7.805528935553158e-23,58.96126429303487
7.788956687282345e-23,58.983408269412884
7.772384439011531e-23,58.99899458755019
7.755812190740717e-23,58.97342922426399
7.739239942469905e-23,58.962879947963735
7.722667694199091e-23,58.94045085601005
7.706095445928278e-23,58.92495957639796
7.689523197657464e-23,59.01885763932275
7.67295094938665e-23,59.09184722669749
7.656378701115837e-23,59.13432944747418
7.639806452845023e-23,59.11209043257096
7.623234204574211e-23,59.09460334392909
7.606661956303397e-23,59.04955508297124
7.590089708032583e-23,59.03881572962053
7.57351745976177e-23,59.03758022879257
7.556945211490956e-23,59.146874532804226
7.540372963220142e-23,59.23925197932537
7.523800714949329e-23,59.344554665277464
7.507228466678515e-23,59.3101507191451
7.490656218407703e-23,59.293233861654606
7.474083970136889e-23,59.335430966855625
7.457511721866075e-23,59.43968822903022
7.440939473595262e-23,59.55924669376645
7.424367225324448e-23,59.674908578968335
7.407794977053634e-23,59.81337971022483
7.391222728782821e-23,59.87011770978566
7.374650480512007e-23,59.86394020564586
7.358078232241194e-23,59.73858439087078
7.34150598397038e-23,59.64116990251255
7.324933735699567e-23,59.6139888842975
7.308361487428754e-23,59.78144676574838
7.29178923915794e-23,59.8302015291901
7.275216990887127e-23,59.850064580962645
7.258644742616313e-23,59.95755315299497
7.242072494345499e-23,60.001651028700536
7.225500246074686e-23,60.001460951650095
7.208927997803872e-23,59.973994817859335
7.192355749533059e-23,59.93883056352515
7.175783501262246e-23,59.93312825201151
7.159211252991432e-23,60.08195858251781
7.142639004720619e-23,60.10296209659308
7.126066756449805e-23,60.10495790562286
7.109494508178991e-23,60.10362736626968
7.092922259908178e-23,60.20037658495129
7.076350011637364e-23,60.243524075404586
7.059777763366552e-23,60.292849069997665
7.043205515095738e-23,60.333905712895955
7.026633266824924e-23,60.39577579281909
7.010061018554111e-23,60.443675209533744
6.993488770283297e-23,60.40470941419047
6.976916522012483e-23,60.40813080109865
6.96034427374167e-23,60.37952420500517
6.943772025470856e-23,60.4870127770375
6.927199777200044e-23,60.67861044389618
6.91062752892923e-23,60.856427524596874
6.894055280658416e-23,60.802825796368545
6.877483032387603e-23,60.73791448363815
6.860910784116789e-23,60.751409954220456
6.844338535845975e-23,60.74751337468613
6.827766287575162e-23,60.72708009176222
6.811194039304348e-23,60.6911555292262
6.794621791033536e-23,60.78695436265556
6.778049542762722e-23,60.79854906273331
6.761477294491908e-23,60.83837020480363
6.744905046221095e-23,60.818982345657226
6.728332797950281e-23,60.922289222579536
6.711760549679468e-23,60.887410083821045
6.695188301408654e-23,60.82078807763654
6.67861605313784e-23,60.76870696581187
6.662043804867027e-23,60.72432397453061
6.645471556596213e-23,60.752930570624095
6.6288993083254e-23,60.83105223836112
6.612327060054587e-23,60.82962666048271
6.595754811783773e-23,60.796743330753976
6.57918256351296e-23,60.85053513603276
6.562610315242146e-23,60.95555270640918
6.546038066971332e-23,61.083664638415875
6.529465818700519e-23,61.05952485300808
6.512893570429705e-23,61.05344238739352
6.496321322158891e-23,60.90290136343313
6.479749073888079e-23,60.761959230520716
6.463176825617265e-23,60.631851489484234
6.446604577346452e-23,60.50003305499367
6.430032329075638e-23,60.4683852260929
6.413460080804824e-23,60.56969629398543
6.396887832534011e-23,60.76386000102528
6.380315584263197e-23,60.92761137999228
6.363743335992385e-23,61.015617054352965
6.347171087721571e-23,61.02027394208911
6.330598839450757e-23,61.046979767678046
6.314026591179944e-23,61.151237029852645
6.29745434290913e-23,61.32002545065672
6.280882094638316e-23,61.262242027318386
6.264309846367503e-23,61.22726785003466
6.247737598096689e-23,61.21643345815872
6.231165349825877e-23,61.29160893161369
6.214593101555063e-23,61.338272847500406
6.198020853284249e-23,61.37856918219688
6.181448605013436e-23,61.45849658191322
6.164876356742622e-23,61.54422133166844
6.148304108471808e-23,61.59383144183721
6.131731860200995e-23,61.542510638214345
6.115159611930181e-23,61.53357701684296
6.098587363659368e-23,61.48045048124077
6.082015115388555e-23,61.59611236644266
6.06544286711774e-23,61.59611236644266
6.048870618846928e-23,61.60190971648154
6.032298370576114e-23,61.60400056403654
6.015726122305301e-23,61.65475113650805
5.999153874034487e-23,61.82506017371576
5.982581625763673e-23,61.91306584807646
5.96600937749286e-23,61.968853462385
5.949437129222046e-23,61.96267595824521
5.932864880951233e-23,61.98016304688707
5.91629263268042e-23,61.914871580055774
5.899720384409606e-23,61.98738597480437
5.883148136138793e-23,61.9906172846621
5.866575887867979e-23,62.099816550148525
5.850003639597165e-23,62.118444101093125
5.833431391326352e-23,61.998030289629845
5.816859143055538e-23,61.79141653578521
5.800286894784724e-23,61.669957300544446
5.783714646513912e-23,61.695712740881106
5.767142398243098e-23,61.72118306564209
5.750570149972285e-23,61.74256673381827
5.733997901701471e-23,61.771173329911754
5.717425653430657e-23,61.809093701477536
5.700853405159844e-23,61.8079532391748
5.68428115688903e-23,61.99964594455872
5.667708908618218e-23,62.164252670252786
5.651136660347404e-23,62.23904798960684
5.63456441207659e-23,62.22840367478136
5.617992163805777e-23,62.27383208984012
5.601419915534963e-23,62.395861556232255
5.584847667264149e-23,62.46447937144652
5.568275418993336e-23,62.59971919284529
5.551703170722522e-23,62.64429226117699
5.53513092245171e-23,62.66387019737386
5.518558674180896e-23,62.64096591279403
5.501986425910082e-23,62.59268634197844
5.485414177639269e-23,62.57101755822658
5.468841929368455e-23,62.56208393685518
5.452269681097642e-23,62.461818292740155
5.435697432826828e-23,62.339978903398475
5.419125184556014e-23,62.207305122180856
5.402552936285201e-23,62.070924838479364
5.385980688014388e-23,62.15218277754889
5.369408439743574e-23,62.26347289059032
5.352836191472761e-23,62.5275849521976
5.336263943201947e-23,62.73324832078995
5.319691694931134e-23,62.820873841049725
5.30311944666032e-23,62.844918587932305
5.286547198389507e-23,62.87114922089509
5.269974950118693e-23,62.84415827973047
5.2534027018478794e-23,62.83436931163203
5.236830453577066e-23,62.90127643339222
5.220258205306253e-23,63.053813266382384
5.203685957035439e-23,63.18829277957932
5.1871137087646254e-23,63.22260168718646
5.170541460493812e-23,63.200932903434584
5.1539692122229987e-23,63.24664643406902
5.1373969639521853e-23,63.2241223035901
5.1208247156813714e-23,63.18392100741886
5.104252467410558e-23,63.17574769424929
5.0876802191397447e-23,63.188197741054104
5.0711079708689313e-23,63.25472470871336
5.0545357225981173e-23,63.18316069921704
5.037963474327304e-23,63.14191397926829
5.0213912260564906e-23,63.0752919730838
5.004818977785677e-23,63.15255829409377
4.9882467295148633e-23,63.24750178079608
4.97167448124405e-23,63.2137631043403
4.9551022329732366e-23,63.24778689637176
4.938529984702423e-23,63.28428169005912
4.921957736431609e-23,63.34748230933542
4.905385488160796e-23,63.33512730105584
4.8888132398899826e-23,63.313553555829195
4.872240991619169e-23,63.20596994527164
4.855668743348355e-23,63.24541093324106
4.839096495077542e-23,63.28228588102934
4.8225242468067285e-23,63.441950603411584
4.805951998535915e-23,63.45696669039753
4.789379750265102e-23,63.526249775288385
4.772807501994288e-23,63.629936806311605
4.7562352537234745e-23,63.73257841355734
4.739663005452661e-23,63.86724800380474
4.723090757181848e-23,63.959530411800664
4.706518508911034e-23,64.14352499664113
4.6899462606402205e-23,64.16253270168664
4.673374012369407e-23,64.14485553599432
4.656801764098594e-23,63.96038575852771
4.64022951582778e-23,64.0270077647122
4.6236572675569664e-23,64.14466545894386
4.607085019286153e-23,64.2390387144948
4.59051277101534e-23,64.26755027206303
4.573940522744526e-23,64.21508900613746
4.5573682744737124e-23,64.36677049240058
4.540796026202899e-23,64.59106141193753
4.5242237779320857e-23,64.75205667367295
4.507651529661272e-23,64.78959689113783
4.4910792813904584e-23,64.99107856462017
4.474507033119645e-23,65.03289551572028
4.4579347848488317e-23,65.09524078826952
4.4413625365780183e-23,65.06425822904536
4.4247902883072043e-23,65.1921800840016
4.408218040036391e-23,65.35193984490907
4.3916457917655776e-23,65.56967310620531
4.375073543494764e-23,65.765452468174
4.3585012952239503e-23,65.78436513469428
4.341929046953137e-23,65.99478042954802
4.3253567986823236e-23,66.07698875386983
4.30878455041151e-23,66.20871214983516
4.292212302140696e-23,66.23617828362592
4.275640053869883e-23,66.38462846003131
4.2590678055990696e-23,66.47605552130018
4.242495557328256e-23,66.63068320184537
4.225923309057442e-23,66.53783056269808
