----isotherm parameters----
start time: ,2022-11-21 12:55:10.710030+00:00
end time: ,2022-11-21 13:01:33.780375+00:00
number of smooting values: ,2
total sample steps: ,2000
stepper delay: ,0.001
area_change_expected: ,1.4e+18
molecules deposited: ,1.23e+16
----isotherm data----
area_per_molecule (Ang^2/molecule),surface pressure (mN/m)
128.27642276422765,-0.2668324401473537
128.21951219512195,-0.2517337953344096
128.16260162601625,-0.2473203453121644
128.10569105691056,-0.22920197153663147
128.0487804878049,-0.1850674713141795
127.99186991869918,-0.17531142389658483
127.9349593495935,-0.15138587903915032
127.8780487804878,-0.1472047158601812
127.82113821138212,-0.14162983162155568
127.76422764227642,-0.1446495605841445
127.70731707317073,-0.1346612263232738
127.65040650406505,-0.1351258000098259
127.59349593495935,-0.1736854159936524
127.53658536585365,-0.22757596363369903
127.47967479674797,-0.245926624252508
127.42276422764228,-0.20922530301489006
127.36585365853658,0.08345611951294944
127.3089430894309,0.7389695912379994
127.2520325203252,0.7865883941095925
127.1951219512195,0.6439642723380897
127.13821138211382,0.6205033011672073
127.08130081300813,0.28740396790933287
127.02439024390245,0.13061034869799026
126.96747967479675,-0.3876215986509065
126.91056910569105,-0.5485963810412182
126.85365853658537,-0.7311738398562038
126.79674796747967,-0.7304769793263757
126.73983739837398,-0.4942412597146194
126.6829268292683,-0.32095527463067636
126.6260162601626,-0.13466122632327376
126.5691056910569,-0.20016611612712357
126.51219512195122,-0.9118930039249808
126.45528455284553,-1.3416236639856975
126.39837398373983,-1.3557931614255374
126.34146341463415,-1.2382560187278493
126.28455284552845,-1.0812301126732309
126.22764227642277,-1.0619503046813177
126.17073170731707,-1.1434829866712157
126.11382113821138,-1.2338425687056043
126.0569105691057,-1.2559098188168303
126.0,-1.2480120661454444
125.9430894308943,-1.2131690396540349
125.88617886178862,-1.2122398922809305
125.82926829268293,-1.2963277295468654
125.77235772357723,-1.403179677453854
125.71544715447155,-1.5146773622263647
125.65853658536585,-1.5330280228451736
125.60162601626017,-1.5376737597106949
125.54471544715447,-1.5474298071282895
125.48780487804878,-1.5025984463760094
125.4308943089431,-1.490054956839102
125.3739837398374,-1.4150263064609334
125.3170731707317,-1.331867616568103
125.26016260162602,-1.2382560187278493
125.20325203252033,-1.1622982209765769
125.14634146341463,-1.1167699996944687
125.08943089430895,-1.060324296778385
125.03252032520325,-1.0591628625620046
124.97560975609755,-1.0122409202202403
124.91869918699187,-1.0055046017652343
124.86178861788618,-0.982508204280904
124.8048780487805,-1.0240875492273194
124.7479674796748,-1.092379881150482
124.6910569105691,-1.154865041991743
124.63414634146342,-1.1906372158562566
124.57723577235772,-1.2275708239371506
124.52032520325203,-1.2928434268977242
124.46341463414635,-1.3130523822627418
124.40650406504065,-1.3855258773648735
124.34959349593495,-1.5664773282769267
124.29268292682927,-1.626639620685427
124.23577235772358,-1.6510297392294135
124.17886178861788,-1.6556754760949348
124.1219512195122,-1.6507974523861375
124.0650406504065,-1.6665929577289098
124.00813008130082,-1.7070108684589447
123.95121951219512,-1.718160636936196
123.89430894308943,-1.6886602078401358
123.83739837398375,-1.648939157639929
123.78048780487805,-1.6064306653204095
123.72357723577235,-1.582737407306251
123.66666666666667,-1.567871049336583
123.60975609756098,-1.5114253464204996
123.55284552845528,-1.4893580963092736
123.4959349593496,-1.4236209196621479
123.4390243902439,-1.404805685356787
123.3821138211382,-1.3662460693729601
123.32520325203252,-1.3458048271646668
123.26829268292683,-1.3646200614700277
123.21138211382114,-1.3904039010736708
123.15447154471545,-1.3862227378947019
123.09756097560975,-1.393888203722812
123.04065040650407,-1.4356998355125032
122.98373983739837,-1.4661294119816672
122.92682926829268,-1.4712397225337406
122.869918699187,-1.5653158940605463
122.8130081300813,-1.6003912073952318
122.7560975609756,-1.6208324496035256
122.69918699186992,-1.671006407751155
122.64227642276423,-1.67425842355702
122.58536585365853,-1.6796010209523693
122.52845528455285,-1.7425507554801825
122.47154471544715,-1.7604368424124393
122.41463414634147,-1.7578816871364025
122.35772357723577,-1.767405447710721
122.30081300813008,-1.8196699874478355
122.2439024390244,-1.862410766610631
122.1869918699187,-1.8849425904084092
122.130081300813,-1.9492860459958785
122.07317073170732,-1.9936528330616068
122.01626016260163,-2.0152555094862805
121.95934959349593,-2.0301218674559487
121.90243902439025,-2.041736209619752
121.84552845528455,-2.0714689255590875
121.78861788617886,-2.1014339283416996
121.73170731707317,-2.109331681013086
121.67479674796748,-2.097020478319455
121.6178861788618,-2.11560342578154
121.5609756097561,-2.1151388520949874
121.5040650406504,-2.110493115229466
121.44715447154472,-2.131166644281036
121.39024390243902,-2.137902962736042
121.33333333333333,-2.119320015273957
121.27642276422765,-2.117461720527748
121.21951219512195,-2.1005047809685955
121.16260162601625,-2.089587299334621
121.10569105691057,-2.0607837307683887
121.04878048780488,-2.03592903853785
120.99186991869918,-1.998530856770404
120.9349593495935,-1.9590420934134731
120.8780487804878,-1.9427820143841488
120.82113821138212,-1.9262896485115484
120.76422764227642,-1.9072421273629114
120.70731707317073,-1.8958600720423842
120.65040650406505,-1.851493284976656
120.59349593495935,-1.847544408640963
120.53658536585365,-1.8226897164104243
120.47967479674797,-1.7806457977774568
120.42276422764228,-1.74092474757725
120.36585365853658,-1.6809947420120257
120.3089430894309,-1.6535848945054503
120.2520325203252,-1.6226907443497338
120.1951219512195,-1.6143284179917956
120.13821138211382,-1.6206001627602493
120.08130081300813,-1.62292303119301
120.02439024390245,-1.630820783864396
119.96747967479675,-1.6510297392294135
119.91056910569105,-1.6658960971990817
119.85365853658537,-1.7079400158320488
119.79674796747967,-1.7499839344650165
119.73983739837398,-1.7825040925236655
119.6829268292683,-1.8124690953062774
119.6260162601626,-1.8185085532314549
119.5691056910569,-1.8243157243133568
119.51219512195122,-1.8296583217087061
119.45528455284553,-1.8243157243133568
119.39837398373983,-1.8261740190595652
119.34146341463415,-1.8271031664326693
119.28455284552845,-1.8345363454175034
119.22764227642277,-1.8370915006935402
119.17073170731707,-1.8600878981778703
119.11382113821138,-1.8710053798118453
119.0569105691057,-1.9000412352213532
119.0,-1.9186241826834383
118.9430894308943,-1.9404591459513882
118.88617886178862,-1.9530026354882954
118.82926829268293,-1.9611326750029578
118.77235772357723,-1.9852905067036684
118.71544715447155,-2.017810664762317
118.65853658536585,-2.038484193813887
118.60162601626017,-2.0607837307683887
118.54471544715447,-2.075650088738057
118.48780487804878,-2.1221074573932697
118.4308943089431,-2.1632222286531326
118.3739837398374,-2.198529828831094
118.3170731707317,-2.234302002695608
118.26016260162602,-2.290979992454967
118.20325203252033,-2.372048100758313
118.14634146341463,-2.443360161644065
118.08943089430895,-2.5467278069019126
118.03252032520325,-2.5653107543639977
117.97560975609755,-2.555090133259851
117.91869918699187,-2.562523312244685
117.86178861788618,-2.5411529226632874
117.8048780487805,-2.4466121774499294
117.7479674796748,-2.2656607265378765
117.6910569105691,-1.9602035276298537
117.63414634146342,-1.5446423650089767
117.57723577235772,-1.9492860459958785
117.52032520325203,-2.575763662311421
117.46341463414635,-2.6152524256683516
117.40650406504065,-2.598295486109199
117.34959349593495,-2.4603171012032172
117.29268292682927,-2.5406883489767353
117.23577235772358,-2.684009331278066
117.17886178861788,-2.831046903071814
117.1219512195122,-2.889583187577382
117.0650406504065,-3.1673982521355533
117.00813008130082,-3.3639129215471026
116.95121951219512,-3.4554339377978716
116.89430894308943,-3.430114671880781
116.83739837398375,-3.3237272976603442
116.78048780487805,-3.1643785231729646
116.72357723577235,-3.030813588289228
116.66666666666667,-2.8735553953913335
116.60975609756098,-2.708399449822053
116.55284552845528,-2.6700721206815023
116.4959349593496,-2.628260488891811
116.4390243902439,-2.593185175557126
116.3821138211382,-2.514672222529816
116.32520325203252,-2.4672857065014995
116.26829268292683,-2.404335971973686
116.21138211382114,-2.3729772481314173
116.15447154471545,-2.3945799245560915
116.09756097560975,-2.440805006368028
116.04065040650407,-2.4526516353751076
115.98373983739837,-2.4412695800545805
115.92682926829268,-2.438017564248715
115.869918699187,-2.5160659435894726
115.8130081300813,-2.5546255595732985
115.7560975609756,-2.6078192466835173
115.69918699186992,-2.6261699073023266
115.64227642276423,-2.6189690151607685
115.58536585365853,-2.617575294101112
115.52845528455285,-2.6403394047421664
115.47154471544715,-2.6791313075692686
115.41463414634147,-2.639642544212338
115.35772357723577,-2.5815708333933225
115.30081300813008,-2.60828382037007
115.2439024390244,-2.6549734758685584
115.1869918699187,-2.6821510365318577
115.130081300813,-2.8182711266916307
115.07317073170732,-2.889815474420658
115.01626016260163,-2.9746001722164213
114.95934959349593,-2.996667422327647
114.90243902439025,-3.0342978909383693
114.84552845528455,-3.0782001043175455
114.78861788617886,-3.1372009625096653
114.73170731707317,-3.152996467852437
114.67479674796748,-3.192485231209368
114.6178861788618,-3.2101390312983487
114.5609756097561,-3.218965931342839
114.5040650406504,-3.224773102424741
114.44715447154472,-3.2510215157149362
114.39024390243902,-3.282612526400481
114.33333333333333,-3.2995694659596335
114.27642276422765,-3.310486947593608
114.21951219512195,-3.3230304371305155
114.16260162601625,-3.3330187713913864
114.10569105691057,-3.327676173996037
114.04878048780488,-3.343703966182085
113.99186991869918,-3.3787792795167713
113.9349593495935,-3.3880707532478134
113.8780487804878,-3.394110211172991
113.82113821138212,-3.4117640112619716
113.76422764227642,-3.4222169192093945
113.70731707317073,-3.439173858768547
113.65040650406505,-3.4723908773570242
113.59349593495935,-3.490276964289281
113.53658536585365,-3.496084135371183
113.47967479674797,-3.496084135371183
113.42276422764228,-3.4805209168716864
113.36585365853658,-3.484237506364104
113.3089430894309,-3.511415067027403
113.2520325203252,-3.5137379354601634
113.1951219512195,-3.50212359329636
113.13821138211382,-3.5207065407584457
113.08130081300813,-3.5423092171831194
113.02439024390245,-3.5478841014217446
112.96747967479675,-3.5497423961679537
112.91056910569105,-3.548348675108297
112.85365853658537,-3.55345898566037
112.79674796747967,-3.547884101421745
112.73983739837398,-3.509092198594642
112.6829268292683,-3.498639290647219
112.6260162601626,-3.497710143274115
112.5691056910569,-3.473552311573405
112.51219512195122,-3.4721585905137484
112.45528455284553,-3.473552311573404
112.39837398373983,-3.4726231642003
112.34146341463415,-3.468674287864607
112.28455284552845,-3.4526464956785587
112.22764227642277,-3.4263980823883635
112.17073170731707,-3.441496727201308
112.11382113821138,-3.401078816471273
112.0569105691057,-3.3869093190314334
112.0,-3.381334434792808
111.9430894308943,-3.3739012558079735
111.88617886178862,-3.376920984770562
111.82926829268293,-3.372275247905041
111.77235772357723,-3.354156874129508
111.71544715447155,-3.34579454777157
111.65853658536585,-3.340684237219496
111.60162601626017,-3.334412492451043
111.54471544715447,-3.3320896240182822
111.48780487804878,-3.3392905161598403
111.4308943089431,-3.335806213510699
111.3739837398374,-3.3420779582791527
111.3170731707317,-3.349046563577435
111.26016260162602,-3.3564797425622688
111.20325203252033,-3.3495111372639865
111.14634146341463,-3.354156874129508
111.08943089430895,-3.356944316248821
111.03252032520325,-3.3550860215026126
110.97560975609755,-3.359267184681582
110.91869918699187,-3.363448347860551
110.86178861788618,-3.3706492400021086
110.8048780487805,-3.3548537346593363
110.7479674796748,-3.288187410639106
110.6910569105691,-3.301660047549118
110.63414634146342,-3.262868144722015
110.57723577235772,-3.249395507812004
110.52032520325203,-3.2296511261335383
110.46341463414635,-3.2296511261335383
110.40650406504065,-3.2250053892680173
110.34959349593495,-3.2635650052518437
110.29268292682927,-3.2926008606613513
110.23577235772358,-3.3193138476380986
110.17886178861788,-3.3506725714803673
110.1219512195122,-3.4182680428737013
110.0650406504065,-3.4552016509545957
110.00813008130082,-3.5369666197877696
109.95121951219512,-3.600380928002135
109.89430894308943,-3.6612400809404635
109.83739837398375,-3.7125754733044736
109.78048780487805,-3.7641431525117595
109.72357723577235,-3.7797063710112555
109.66666666666667,-3.810600521166972
109.60975609756098,-3.8807511478363432
109.55284552845528,-3.9093224295592988
109.4959349593496,-3.947417471856573
109.4390243902439,-3.938358284968807
109.3821138211382,-3.946488324483469
109.32520325203252,-3.9804022036017743
109.26829268292683,-4.000146585280239
109.21138211382114,-4.0124577879738705
109.15447154471545,-4.027788719630092
109.09756097560975,-4.061005738218569
109.04065040650407,-4.077033530404616
108.98373983739837,-4.090506167314628
108.92682926829268,-4.101423648948604
108.869918699187,-4.139750978089153
108.8130081300813,-4.122097178000173
108.7560975609756,-4.1183805885077565
108.69918699186992,-4.109785975306542
108.64227642276423,-4.063328606651329
108.58536585365853,-4.025233564354054
108.52845528455285,-3.974362745676596
108.47154471544715,-3.916291034857581
108.41463414634147,-3.9065349874399864
108.35772357723577,-3.883074016269104
108.30081300813008,-3.8549673082327
108.2439024390244,-3.835455213397511
108.1869918699187,-3.822911723860604
108.130081300813,-3.8119942422266284
108.07317073170732,-3.797824744786789
108.01626016260163,-3.783422960503673
107.95934959349593,-3.77413148677263
107.90243902439025,-3.7608911367058946
107.84552845528455,-3.768788889377281
107.78861788617886,-3.7862104026229852
107.73170731707317,-3.8108328080102485
107.67479674796748,-3.849856997680627
107.6178861788618,-3.9079287084996426
107.5609756097561,-3.920704484879826
107.5040650406504,-3.976453327266081
107.44715447154472,-4.004792322145761
107.39024390243902,-4.097707059456186
107.33333333333333,-4.157172491334858
107.27642276422765,-4.245906065466315
107.21951219512195,-4.2702961840103
107.16260162601625,-4.31930870794155
107.10569105691057,-4.348576850194335
107.04878048780488,-4.383884450372296
106.99186991869918,-4.385975031961781
106.9349593495935,-4.41965662423681
106.8780487804878,-4.449621627019422
106.82113821138212,-4.478425195585654
106.76422764227642,-4.498401864107395
106.70731707317073,-4.520933687905173
106.65040650406505,-4.543465511702951
106.59349593495935,-4.571107646052803
106.53658536585365,-4.634057380580616
106.47967479674797,-4.655427770162014
106.42276422764228,-4.664719243893057
106.36585365853658,-4.684231338728246
106.3089430894309,-4.692361378242908
106.2520325203252,-4.706066301996196
106.1951219512195,-4.729759560010354
106.13821138211382,-4.738586460054845
106.08130081300813,-4.762976578598831
106.02439024390245,-4.783185533963849
105.96747967479675,-4.794103015597823
105.91056910569105,-4.804788210388522
105.85365853658537,-4.8166348393956016
105.79674796747967,-4.806878791978007
105.73983739837398,-4.784114681336953
105.6829268292683,-4.785508402396609
105.6260162601626,-4.810130807783872
105.5691056910569,-4.820351428888019
105.51219512195122,-4.824068018380435
105.45528455284553,-4.865879650170127
105.39837398373983,-4.902813258251021
105.34146341463415,-4.9174473293774135
105.28455284552845,-4.929526245227768
105.22764227642277,-4.939979153175191
105.17073170731707,-4.98248764549471
105.11382113821138,-4.98248764549471
105.0569105691057,-4.991779119225753
105.0,-4.998283150837484
104.9430894308943,-5.017795245672673
104.88617886178862,-5.0047871824492125
104.82926829268293,-5.04683110108218
104.77235772357723,-5.052870559007358
104.71544715447155,-5.054031993223738
104.65853658536585,-5.064717188014438
104.60162601626017,-5.0858552907525585
104.54471544715447,-5.097469632916361
104.48780487804878,-5.06750463013375
104.4308943089431,-5.045437380022524
104.3739837398374,-5.047527961612008
104.3170731707317,-5.028015866776819
104.26016260162602,-5.028945014149924
104.20325203252033,-5.021976408851642
104.14634146341463,-5.016866098299569
104.08943089430895,-5.019885827262156
104.03252032520325,-5.015936950926464
103.97560975609755,-5.0317324562692365
103.91869918699187,-5.080977267043761
103.86178861788618,-5.0888750197151476
103.8048780487805,-5.102115369781883
103.7479674796748,-5.123950333049834
103.6910569105691,-5.184809485988161
103.63414634146342,-5.2291762730538895
103.57723577235772,-5.286086549656525
103.52032520325203,-5.338815663080192
103.46341463414635,-5.39084791597403
103.40650406504065,-5.4431124557111445
103.34959349593495,-5.521393121895178
103.29268292682927,-5.544389519379508
103.23577235772358,-5.590382314348168
103.17886178861788,-5.646131156734423
103.1219512195122,-5.6779544542632445
103.0650406504065,-5.7144234886575855
103.00813008130082,-5.750195662522099
102.95121951219512,-5.7727274863198765
102.89430894308943,-5.771333765260221
102.83739837398375,-5.749498801992271
102.78048780487805,-5.742762483537266
102.72357723577235,-5.7237149623886285
102.66666666666667,-5.705596588613096
102.60975609756098,-5.684458485874973
102.55284552845528,-5.666107825256164
102.4959349593496,-5.6468280172642515
102.4390243902439,-5.629174217175271
102.3821138211382,-5.637071969846657
102.32520325203252,-5.624760767153026
102.26829268292683,-5.600370648609039
102.21138211382114,-5.612449564459394
102.15447154471545,-5.64102084618235
102.09756097560975,-5.6551903436221895
102.04065040650407,-5.6614620883906435
101.98373983739837,-5.6904979438001515
101.92682926829268,-5.702112285963954
101.869918699187,-5.698395696471537
101.8130081300813,-5.693982246449292
101.7560975609756,-5.706293449142923
101.69918699186992,-5.715817209717242
101.64227642276423,-5.694911393822396
101.58536585365853,-5.706990309672752
101.52845528455285,-5.741601049320885
101.47154471544715,-5.746943646716234
101.41463414634147,-5.759487136253142
101.35772357723577,-5.771101478416945
101.30081300813008,-5.771101478416945
101.2439024390244,-5.774121207379534
101.1869918699187,-5.790845860095411
101.130081300813,-5.795723883804207
101.07317073170732,-5.790613573252134
101.01626016260163,-5.800137333826452
100.95934959349593,-5.820114002348194
100.90243902439025,-5.819649428661642
100.84552845528455,-5.82336601815406
100.78861788617886,-5.834283499788034
100.73170731707317,-5.838696949810279
100.67479674796748,-5.831031483982169
100.6178861788618,-5.837767802437175
100.5609756097561,-5.863783928884094
100.5040650406504,-5.874004549988241
100.44715447154472,-5.849382144600978
100.39024390243902,-5.851240439347187
100.33333333333333,-5.851937299877015
100.27642276422765,-5.858673618332021
100.21951219512195,-5.871681681555481
100.16260162601625,-5.869591099965996
100.10569105691057,-5.861925634137886
100.04878048780488,-5.86053191307823
99.99186991869918,-5.851937299877015
99.9349593495935,-5.8526341604068435
99.8780487804878,-5.885386605308769
99.82113821138212,-5.891890636920498
99.76422764227642,-5.914422460718276
99.70731707317073,-5.932773121337085
99.65040650406505,-5.957395526724348
99.59349593495935,-5.983411653171267
99.53658536585365,-5.99386456111869
99.47967479674797,-6.029404448139927
99.42276422764228,-6.089334453705152
99.36585365853658,-6.095838485316881
99.3089430894309,-6.135327248673812
99.2520325203252,-6.144154148718302
99.1951219512195,-6.153677909292622
99.13821138211382,-6.174583725187467
99.08130081300813,-6.2382303202451075
99.02439024390245,-6.257045554550469
98.96747967479675,-6.282829394154112
98.91056910569105,-6.317904707488798
98.85365853658537,-6.340436531286576
98.79674796747967,-6.392933357866966
98.73983739837398,-6.405941421090425
98.6829268292683,-6.424524368552511
98.6260162601626,-6.489796971513083
98.5691056910569,-6.551120698137965
98.51219512195122,-6.605243532621287
98.45528455284553,-6.649378032843739
98.39837398373983,-6.6860793540813575
98.34146341463415,-6.749958235982275
98.28455284552845,-6.791305294085414
98.22764227642277,-6.849609291747706
98.17073170731707,-6.930445113207776
98.11382113821138,-6.9717921713109146
98.0569105691057,-7.029631595286656
98.0,-7.072836948136002
97.9430894308943,-7.118829743104663
97.88617886178862,-7.175275446020747
97.82926829268293,-7.201291572467666
97.77235772357723,-7.248445801652706
97.71544715447155,-7.275623362316006
97.65853658536585,-7.324403599403979
97.60162601626017,-7.330675344172432
97.54471544715447,-7.3541363153433155
97.48780487804878,-7.364124649604185
97.4308943089431,-7.368538099626431
97.3739837398374,-7.373183836491952
97.3170731707317,-7.37620356545454
97.26016260162602,-7.37620356545454
97.20325203252033,-7.38805019446162
97.14634146341463,-7.412672599848882
97.08943089430895,-7.390140776051105
97.03252032520325,-7.368073525939879
96.97560975609755,-7.340431391590028
96.91869918699187,-7.306517512471722
96.86178861788618,-7.264938167525306
96.8048780487805,-7.220803667302855
96.7479674796748,-7.169003701252292
96.6910569105691,-7.149723893260379
96.63414634146342,-7.129282651052086
96.57723577235772,-7.14205842743227
96.52032520325203,-7.137644977410024
96.46341463414635,-7.118829743104663
96.40650406504065,-7.106053966724479
96.34959349593495,-7.070978653389794
96.29268292682927,-7.0579705901663345
96.23577235772358,-7.045427100629427
96.17886178861788,-7.051931132241156
96.1219512195122,-7.065636055994445
96.0650406504065,-7.108609122000516
96.00813008130082,-7.113951719395867
95.95121951219512,-7.119991177321044
95.89430894308943,-7.133928387917607
95.83739837398375,-7.194555254012659
95.78048780487805,-7.219409946243198
95.72357723577235,-7.248445801652705
95.66666666666667,-7.24937494902581
95.60975609756098,-7.283753401830667
95.55284552845528,-7.294903170307919
95.4959349593496,-7.341360538963132
95.4390243902439,-7.369699533842811
95.3821138211382,-7.411046591945951
95.32520325203252,-7.413369460378711
95.26829268292683,-7.443334463161323
95.21138211382114,-7.462614271153237
95.15447154471545,-7.456342526384783
95.09756097560975,-7.4456573315940835
95.04065040650407,-7.447747913183568
94.98373983739837,-7.471208884354451
94.92682926829268,-7.509536213495002
94.869918699187,-7.483752373891359
94.8130081300813,-7.504193616099652
94.7560975609756,-7.521382842502081
94.69918699186992,-7.495366716055161
94.64227642276423,-7.515575671420178
94.58536585365853,-7.522544276718461
94.52845528455285,-7.537642921531405
94.47154471544715,-7.543682379456582
94.41463414634147,-7.5734150953959185
94.35772357723577,-7.556225868993489
94.30081300813008,-7.603147811335255
94.2439024390244,-7.624053627230101
94.1869918699187,-7.682822198578943
94.130081300813,-7.733925304099678
94.07317073170732,-7.787815851739724
94.01626016260163,-7.818710001895441
93.95934959349593,-7.857966478409097
93.90243902439025,-7.947629199913656
93.84552845528455,-8.013134089717507
93.78861788617886,-8.155758211489008
93.73170731707317,-8.235200311889422
93.67479674796748,-8.280031672641702
93.6178861788618,-8.349020865094694
93.5609756097561,-8.409880018033022
93.5040650406504,-8.438683586599254
93.44715447154472,-8.511621655387938
93.39024390243902,-8.544838673976415
93.33333333333333,-8.56806735830402
93.27642276422765,-8.575732824132132
93.21951219512195,-8.595709492653873
93.16260162601625,-8.618938176981478
93.10569105691057,-8.656104071905649
93.04878048780488,-8.676545314113941
92.99186991869918,-8.694199114202922
92.9349593495935,-8.700703145814652
92.8780487804878,-8.705581169523448
92.82113821138212,-8.72207353539605
92.76422764227642,-8.736243032835889
92.70731707317073,-8.750877103962281
92.65040650406505,-8.7662080356185
92.59349593495935,-8.766672609305054
92.53658536585365,-8.747857374999693
92.47967479674797,-8.760168577693324
92.42276422764228,-8.793153309438525
92.36585365853658,-8.801747922639738
92.3089430894309,-8.807787380564916
92.2520325203252,-8.808251954251467
92.1951219512195,-8.817078854295959
92.13821138211382,-8.824512033280794
92.08130081300813,-8.84936672551133
92.02439024390245,-8.865859091383932
91.96747967479675,-8.893268938890508
91.91056910569105,-8.942049175978482
91.85365853658537,-8.938797160172616
91.79674796747967,-8.97526619456696
91.73983739837398,-8.992919994655939
91.6829268292683,-9.026833873774244
91.6260162601626,-9.040538797527532
91.5691056910569,-9.06423205554169
91.51219512195122,-9.063767481855137
91.45528455284553,-9.086531592496193
91.39837398373983,-9.081885855630672
91.34146341463415,-9.090480468831887
91.28455284552845,-9.103953105741898
91.22764227642277,-9.109295703137246
91.17073170731707,-9.106508261017934
91.11382113821138,-9.111618571570007
91.0569105691057,-9.126020355853123
91.0,-9.13926070591986
90.9430894308943,-9.164115398150397
90.88617886178862,-9.201281293074567
90.82926829268293,-9.259353003893583
90.77235772357723,-9.298377193563962
90.71544715447155,-9.353429175420388
90.65853658536585,-9.409642591493196
90.60162601626017,-9.428225538955282
90.54471544715447,-9.484206668184813
90.48780487804878,-9.549943844831938
90.4308943089431,-9.608015555650955
90.3739837398374,-9.648201179537711
90.3170731707317,-9.681882771812742
90.26016260162602,-9.689780524484128
90.20325203252033,-9.698607424528618
90.14634146341463,-9.704414595610519
90.08943089430895,-9.756679135347635
90.03252032520325,-9.778978672302138
89.97560975609755,-9.81358941195027
89.91869918699187,-9.833798367315286
89.86178861788618,-9.833101506785459
89.8048780487805,-9.879094301754119
89.7479674796748,-9.901161551865345
89.6910569105691,-9.916492483521566
89.63414634146342,-9.943670044184863
89.57723577235772,-10.003135476063537
89.52032520325203,-10.040069084144431
89.46341463414635,-10.068872652710663
89.40650406504065,-10.101392810769312
89.34959349593495,-10.15458649787953
89.29268292682927,-10.179441190110069
89.23577235772358,-10.20661875077337
89.17886178861788,-10.2519146852122
89.1219512195122,-10.277001664286015
89.0650406504065,-10.287919145919991
89.00813008130082,-10.325549614530713
88.95121951219512,-10.367361246320407
88.89430894308943,-10.393841946453875
88.83739837398375,-10.424039236079764
88.78048780487805,-10.408708304423545
88.72357723577235,-10.428452686102009
88.66666666666667,-10.447964780937198
88.60975609756098,-10.473748620540842
88.55284552845528,-10.472122612637909
88.4959349593496,-10.497441878555001
88.4390243902439,-10.530194323456925
88.3821138211382,-10.545989828799696
88.32520325203252,-10.569915373657132
88.26829268292683,-10.591982623768358
88.21138211382114,-10.625431929200111
88.15447154471545,-10.65679065304238
88.09756097560975,-10.670263289952391
88.04065040650407,-10.662365537281005
87.98373983739837,-10.690239958474132
87.92682926829268,-10.713236355958463
87.869918699187,-10.72345697706261
87.8130081300813,-10.717185232294156
87.7560975609756,-10.729728721831062
87.69918699186992,-10.763642600949368
87.64227642276423,-10.788729580023183
87.58536585365853,-10.787103572120252
87.52845528455285,-10.76828833781489
87.47154471544715,-10.786638998433698
87.41463414634147,-10.793143030045428
87.35772357723577,-10.79012330108284
87.30081300813008,-10.807544814328544
87.2439024390244,-10.801969930089918
87.1869918699187,-10.793143030045428
87.130081300813,-10.834025514462017
87.07317073170732,-10.83379322761874
87.01626016260163,-10.827521482850287
86.95934959349593,-10.881644317333608
86.90243902439025,-10.887683775258786
86.84552845528455,-10.868636254110148
86.78861788617886,-10.880018309430675
86.73170731707317,-10.896510675303276
86.67479674796748,-10.87514028572188
86.6178861788618,-10.869333114639979
86.5609756097561,-10.8468012908422
86.5040650406504,-10.85795105931945
86.44715447154472,-10.858880206692554
86.39024390243902,-10.883038038393266
86.33333333333333,-10.906731296407422
86.27642276422765,-10.934838004443826
86.21951219512195,-10.935999438660206
86.16260162601625,-10.946220059764354
86.10569105691057,-10.96944874409196
86.04878048780488,-10.979204791509556
85.99186991869918,-11.022177857515626
85.9349593495935,-11.05678859716376
85.8780487804878,-11.112537439550016
85.82113821138212,-11.153419923966602
85.76422764227642,-11.177345468824036
85.70731707317073,-11.227519426971666
85.65040650406505,-11.252838692888757
85.59349593495935,-11.279319393022227
85.53658536585365,-11.29743776679776
85.47967479674797,-11.317182148476226
85.42276422764228,-11.340410832803833
85.36585365853658,-11.360155214482297
85.3089430894309,-11.44029417541254
85.2520325203252,-11.480015225612746
85.1951219512195,-11.512070809984843
85.13821138211382,-11.561780194445921
85.08130081300813,-11.565729070781614
85.02439024390245,-11.571071668176963
84.96747967479675,-11.584544305086975
84.91056910569105,-11.591048336698705
84.85365853658537,-11.591745197228533
84.79674796747967,-11.549004418065737
84.73983739837398,-11.528563175857443
84.6829268292683,-11.507192786276047
84.6260162601626,-11.462129138680488
84.5691056910569,-11.42728611218908
84.51219512195122,-11.395230527816985
84.45528455284553,-11.36061978816885
84.39837398373983,-11.3387848249009
84.34146341463415,-11.334139088035379
84.28455284552845,-11.328564203796754
84.22764227642277,-11.318343582692608
84.17073170731707,-11.321131024811919
84.11382113821138,-11.308122961588461
84.0569105691057,-11.342269127550042
84.0,-11.375253859295242
83.9430894308943,-11.441920183315471
83.88617886178862,-11.474208054530845
83.82926829268293,-11.497204452015175
83.77235772357723,-11.532512052193137
83.71544715447155,-11.532279765349863
83.65853658536585,-11.529260036387273
83.60162601626017,-11.532047478506586
83.54471544715447,-11.55829589179678
83.48780487804878,-11.6172967499889
83.4308943089431,-11.654927218599623
83.3739837398374,-11.698364858292246
83.3170731707317,-11.74482222694746
83.26016260162602,-11.778271532379211
83.20325203252033,-11.78663385873715
83.14634146341463,-11.860733361742213
83.08943089430895,-11.900686698785698
83.03252032520325,-11.93181313578469
82.97560975609755,-11.971534185984895
82.91869918699187,-12.01729469411028
82.86178861788618,-12.069559233847395
82.8048780487805,-12.085587026033444
82.7479674796748,-12.145517031598668
82.6910569105691,-12.190812966037498
82.63414634146342,-12.241916071558233
82.57723577235772,-12.277223671736195
82.52032520325203,-12.308117821891912
82.46341463414635,-12.371299843263001
82.40650406504065,-12.41798949876149
82.34959349593495,-12.4644468674167
82.29268292682927,-12.505097064990013
82.23577235772358,-12.529487183534
82.17886178861788,-12.550625286272123
82.1219512195122,-12.569905094264035
82.0650406504065,-12.595921220710954
82.00813008130082,-12.606374128658377
81.95121951219512,-12.612878160270107
81.89430894308943,-12.648650334134619
81.83739837398375,-12.68000905797689
81.78048780487805,-12.717871813430888
81.72357723577235,-12.736919334579524
81.66666666666667,-12.751088832019363
81.60975609756098,-12.768278058421792
81.55284552845528,-12.782679842704908
81.4959349593496,-12.79963678226406
81.4390243902439,-12.829601785046673
81.3821138211382,-12.850043027254966
81.32520325203252,-12.870019695776708
81.26829268292683,-12.919264506551233
81.21138211382114,-12.925768538162963
81.15447154471545,-12.930646561871761
81.09756097560975,-12.926465398692791
81.04065040650407,-12.929717414498658
80.98373983739837,-12.971064472601796
80.92682926829268,-13.02449044655529
80.869918699187,-13.030762191323744
80.8130081300813,-13.072806109956712
80.7560975609756,-13.096731654814146
80.69918699186992,-13.081400723157925
80.64227642276423,-13.090227623202415
80.58536585365853,-13.077451846822232
80.52845528455285,-13.03680164924892
80.47154471544715,-12.9719936199749
80.41463414634147,-12.93715059348349
80.35772357723577,-12.895338961693799
80.30081300813008,-12.871877990522917
80.2439024390244,-12.867929114187223
80.1869918699187,-12.840286979837371
80.130081300813,-12.855617911493592
80.07317073170732,-12.878614308977923
80.01626016260163,-12.894177527477419
79.95934959349593,-12.893712953790867
79.90243902439025,-12.899752411716044
79.84552845528455,-12.8574762062398
79.78861788617886,-12.842842135113408
79.73170731707317,-12.88929950376862
79.67479674796748,-12.913457335469332
79.6178861788618,-12.97547792262404
79.5609756097561,-13.043073394017375
79.5040650406504,-13.11531460227623
79.44715447154472,-13.144582744529014
79.39024390243902,-13.17199259203559
79.33333333333333,-13.215430231728213
79.27642276422765,-13.262352174069978
79.21951219512195,-13.312293845374331
79.16260162601625,-13.372920711469384
79.10569105691057,-13.416358351162009
79.04878048780488,-13.462118859287393
78.99186991869918,-13.4911547146969
78.9349593495935,-13.547135843926434
78.8780487804878,-13.563163636112481
78.82113821138212,-13.592431778365263
78.76422764227642,-13.609388717924416
78.70731707317073,-13.642373449669618
78.65040650406505,-13.694637989406733
78.59349593495935,-13.672106165608955
78.53658536585365,-13.663279265564462
78.47967479674797,-13.650735776027556
78.42276422764228,-13.612408446887006
78.36585365853658,-13.588947475716122
78.3089430894309,-13.59382549942492
78.2520325203252,-13.62634565748357
78.1951219512195,-13.637030852274268
78.13821138211382,-13.65538151289308
78.08130081300813,-13.712756363182265
78.02439024390245,-13.754103421285404
77.96747967479675,-13.846553584909277
77.91056910569105,-13.90253471413881
77.85365853658537,-13.96618130919645
77.79674796747967,-14.032150772686851
77.73983739837398,-14.076982133439131
77.6829268292683,-14.11600632310951
77.6260162601626,-14.116470896796063
77.5691056910569,-14.105088841475537
77.51219512195122,-14.093242212468457
77.45528455284553,-14.08534445979707
77.39837398373983,-14.066761512334985
77.34146341463415,-14.03586736217927
77.28455284552845,-14.027272748978056
77.22764227642277,-14.047713991186347
77.17073170731707,-14.070478101827403
77.11382113821138,-14.072104109730336
77.0569105691057,-14.096726515117597
77.0,-14.109037717811228
76.9430894308943,-14.104391980945707
76.88617886178862,-14.085112172953794
76.82926829268293,-14.048643138559452
76.77235772357723,-14.05166286752204
76.71544715447155,-14.100210817766738
76.65853658536585,-14.080466436088273
76.60162601626017,-14.053753449111525
76.54471544715447,-14.016122980500803
76.48780487804878,-14.003579490963896
76.4308943089431,-13.996843172508889
76.3739837398374,-14.020768717366325
76.3170731707317,-14.037261083238926
76.26016260162602,-14.070013528140848
76.20325203252033,-14.080698722931547
76.14634146341463,-14.096726515117599
76.08943089430895,-14.102069112512947
76.03252032520325,-14.103462833572603
75.97560975609755,-14.120419773131754
75.91869918699187,-14.129478960019522
75.86178861788618,-14.146668186421952
75.8048780487805,-14.189641252428022
75.7479674796748,-14.243067226381516
75.6910569105691,-14.285808005544311
75.63414634146342,-14.3538680506242
75.57723577235772,-14.384762200779916
75.52032520325203,-14.41170747459994
75.46341463414635,-14.438652748419962
75.40650406504065,-14.506945080343124
75.34959349593495,-14.569430241184385
75.29268292682927,-14.612635594033733
75.23577235772358,-14.66652614167378
75.17886178861788,-14.696026570769838
75.1219512195122,-14.733424752537287
75.0650406504065,-14.806595108169248
75.00813008130082,-14.863273097928605
74.95121951219512,-14.931100856165216
74.89430894308943,-14.968499037932663
74.83739837398375,-15.02749989612478
74.78048780487805,-15.083713312197588
74.72357723577235,-15.107406570211747
74.66666666666667,-15.14735990725523
74.60975609756098,-15.202644175954934
74.55284552845528,-15.238416349819447
74.4959349593496,-15.21820739445443
74.4390243902439,-15.224246852379608
74.3821138211382,-15.224014565536333
74.32520325203252,-15.184061228492848
74.26829268292683,-15.151308783590924
74.21138211382114,-15.134351844031771
74.15447154471545,-15.094166220145013
74.09756097560975,-15.065594938422056
74.04065040650407,-15.0312164856172
73.98373983739837,-15.016814701334084
73.92682926829268,-15.021460438199604
73.869918699187,-15.038649664602033
73.8130081300813,-15.047476564646523
73.7560975609756,-15.053980596258253
73.69918699186992,-15.053516022571703
73.64227642276423,-15.037720517228928
73.58536585365853,-15.037720517228928
73.52845528455285,-15.048405712019626
73.47154471544715,-15.068614667384644
73.41463414634147,-15.073492691093442
73.35772357723577,-15.080693583235
73.30081300813008,-15.107871143898299
73.2439024390244,-15.117394904472619
73.1869918699187,-15.180576925843706
73.130081300813,-15.215419952335118
73.07317073170732,-15.303224379093468
73.01626016260163,-15.359670082009554
72.95934959349593,-15.387776790045955
72.90243902439025,-15.472793774684995
72.84552845528455,-15.567102233055078
72.78861788617886,-15.69021425999139
72.73170731707317,-15.741781939198678
72.67479674796748,-15.772676089354393
72.6178861788618,-15.818436597479778
72.5609756097561,-15.82470834224823
72.5040650406504,-15.834232102822549
72.44715447154472,-15.878134316201725
72.39024390243902,-15.865590826664818
72.33333333333333,-15.88138633200759
72.27642276422765,-15.897878697880191
72.21951219512195,-15.929005134879183
72.16260162601625,-15.957808703445414
72.10569105691057,-15.976856224594052
72.04878048780488,-16.018435569540465
71.99186991869918,-16.037483090689104
71.9349593495935,-16.057459759210843
71.8780487804878,-16.057459759210843
71.82113821138212,-16.0579243328974
71.76422764227642,-16.079759296165346
71.70731707317073,-16.10925972526141
71.65040650406505,-16.123429222701247
71.59349593495935,-16.151303643894373
71.53658536585365,-16.158504536035935
71.47967479674797,-16.17569376243836
71.42276422764228,-16.205426478377696
71.36585365853658,-16.23701748906324
71.3089430894309,-16.295786060412087
71.2520325203252,-16.31436900787417
71.1951219512195,-16.377783316088536
71.13821138211382,-16.4674460375931
71.08130081300813,-16.522033445762972
71.02439024390245,-16.553856743291792
70.96747967479675,-16.511580537815547
70.91056910569105,-16.50205677724123
70.85365853658537,-16.436551887437382
70.79674796747967,-16.388933084565785
70.73983739837398,-16.347121452776094
70.6829268292683,-16.334345676395913
70.6260162601626,-16.316459589463655
70.5691056910569,-16.300199510434332
70.51219512195122,-16.305309820986405
70.45528455284553,-16.36500753970835
70.39837398373983,-16.386145642446476
70.34146341463415,-16.399153705669935
70.28455284552845,-16.421685529467716
70.22764227642277,-16.480454100816555
70.17073170731707,-16.570349109164393
70.11382113821138,-16.60937329883477
70.0569105691057,-16.631440548946
70.0,-16.65536609380343
69.9430894308943,-16.70089431508554
69.88617886178862,-16.764540910143182
69.82926829268293,-16.89090495288536
69.77235772357723,-16.983355116509234
69.71544715447155,-17.006351513993565
69.65853658536585,-17.03445822202997
69.60162601626017,-17.048627719469806
69.54471544715447,-17.043981982604286
69.48780487804878,-16.969650192755946
69.4308943089431,-16.923657397787284
69.3739837398374,-16.914133637212966
69.3170731707317,-16.91459821089952
69.26016260162602,-16.891601813415186
69.20325203252033,-16.838872699991523
69.14634146341463,-16.832136381536515
69.08943089430895,-16.839569560521348
69.03252032520325,-16.870928284363618
68.97560975609755,-16.884633208116906
68.91869918699187,-16.916688792489005
68.86178861788618,-16.924586545160388
68.8048780487805,-16.879522897564833
68.7479674796748,-16.819360605156334
68.6910569105691,-16.845609018446527
68.63414634146342,-16.91041704772055
68.57723577235772,-16.85188076321498
68.52032520325203,-16.70135888877209
68.46341463414635,-16.98776856653148
68.40650406504065,-17.85977337618982
68.34959349593495,-18.30367353369038
68.29268292682927,-18.050945448206022
68.23577235772358,-17.13527071201178
68.17886178861788,-16.62423965680444
68.1219512195122,-16.398224558296832
68.0650406504065,-16.342475715910574
68.00813008130082,-16.338294552731604
67.95121951219512,-16.4295832821391
67.89430894308943,-16.574530272343363
67.83739837398375,-16.81076599195512
67.78048780487805,-17.061171209006716
67.72357723577235,-17.2428195204486
67.66666666666667,-17.4999610559552
67.60975609756098,-17.60449013542943
67.55284552845528,-17.738055070313166
67.4959349593496,-17.90297872903917
67.4390243902439,-18.003326645334425
67.3821138211382,-18.066044093018967
67.32520325203252,-18.135730146001784
67.26829268292683,-18.167553443530604
67.21138211382114,-18.18032921991079
67.15447154471545,-18.200073601589253
67.09756097560975,-18.19844759368632
67.04065040650407,-18.193569569977527
66.98373983739837,-18.19240813576114
66.92682926829268,-18.181026080440617
66.869918699187,-18.18822697258217
66.8130081300813,-18.170108598806642
66.7560975609756,-18.13317499072575
66.69918699186992,-18.130852122292985
66.64227642276423,-18.114592043263663
66.58536585365853,-18.067670100921895
66.52845528455285,-18.05582347191482
66.47154471544715,-18.040260253415322
66.41463414634147,-18.008204669043224
66.35772357723577,-17.963605595134222
66.30081300813008,-17.969412766216124
66.2439024390244,-17.98799571367821
66.1869918699187,-18.005881800610467
66.130081300813,-18.010062963789437
66.07317073170732,-18.054197464011885
66.01626016260163,-18.109714019554865
65.95934959349593,-18.11528890379349
65.90243902439025,-18.148505922381965
65.84552845528455,-18.182652088343552
65.78861788617886,-18.240026938632738
65.73170731707317,-18.29484663364589
65.67479674796748,-18.3141264416378
65.6178861788618,-18.33363853647299
65.5609756097561,-18.373359586673196
65.5040650406504,-18.407738039478055
65.44715447154472,-18.437935329103944
65.39024390243902,-18.453963121289988
65.33333333333333,-18.472313781908802
65.27642276422765,-18.501349637318306
65.21951219512195,-18.494148745176748
65.16260162601625,-18.50762138208676
65.10569105691057,-18.530153205884538
65.04878048780488,-18.55129130862266
64.99186991869918,-18.549433013876452
64.9349593495935,-18.546413284913864
64.8780487804878,-18.5382832453992
64.82113821138212,-18.57080340345785
64.76422764227642,-18.571035690301127
64.70731707317073,-18.590315498293037
64.65040650406505,-18.611918174717715
64.59349593495935,-18.636540580104977
64.53658536585365,-18.692986283021057
64.47967479674797,-18.74710911750438
64.42276422764228,-18.799373657241496
64.36585365853658,-18.88346149450743
64.3089430894309,-18.928060568416434
64.2520325203252,-18.953612121176803
64.1951219512195,-18.98915200819804
64.13821138211382,-18.993565458220285
64.08130081300813,-18.98334483711614
64.02439024390245,-18.969175339676298
63.96747967479675,-18.970801347579233
63.91056910569106,-18.974053363385096
63.853658536585364,-18.931080297379026
63.796747967479675,-18.879280331328463
63.739837398373986,-18.824460636315308
63.68292682926829,-18.76313690969043
63.6260162601626,-18.713892098915906
63.56910569105691,-18.63398542482894
63.51219512195122,-18.582650032464933
63.45528455284553,-18.553381890212147
63.39837398373984,-18.52434603480264
63.34146341463415,-18.52248774005643
63.28455284552845,-18.4994913425721
63.22764227642276,-18.450711105484125
63.170731707317074,-18.438864476477047
63.113821138211385,-18.447691376521536
63.05691056910569,-18.45047881864085
63.0,-18.453033973916888
62.94308943089431,-18.48996758199778
62.886178861788615,-18.530617779571088
62.829268292682926,-18.53944467961558
62.77235772357724,-18.55129130862266
62.71544715447155,-18.59333522725563
62.65853658536585,-18.599374685180805
62.60162601626016,-18.605181856262707
62.54471544715447,-18.63932802222429
62.48780487804878,-18.67393876187242
62.43089430894309,-18.74176652010903
62.3739837398374,-18.773357530794577
62.31707317073171,-18.85349649172482
62.260162601626014,-18.920395102588326
62.203252032520325,-18.95198611327387
62.146341463414636,-18.97265964232544
62.08943089430894,-18.968013905459916
62.03252032520325,-18.973124216011993
61.97560975609756,-18.94896638431128
61.91869918699187,-18.971498208109058
61.86178861788618,-18.98311255027286
61.80487804878049,-19.024459608376
61.7479674796748,-19.085551048157605
61.6910569105691,-19.14315818529007
61.63414634146341,-19.16452857487147
61.577235772357724,-19.23165947257825
61.520325203252035,-19.269057654345694
61.46341463414634,-19.310404712448836
61.40650406504065,-19.397279991834083
61.34959349593496,-19.425154413027208
61.292682926829265,-19.47486379748829
61.235772357723576,-19.499718489718827
61.17886178861789,-19.50738395554694
61.1219512195122,-19.550124734709733
61.0650406504065,-19.60633815078254
61.00813008130081,-19.638626021997915
60.951219512195124,-19.669287885310354
60.89430894308943,-19.67555963007881
60.83739837398374,-19.703434051271934
60.78048780487805,-19.745477969904897
60.72357723577236,-19.780320996396313
60.666666666666664,-19.840483288804812
60.609756097560975,-19.846755033573267
60.552845528455286,-19.860692244169833
60.49593495934959,-19.886940657460023
60.4390243902439,-19.90505903123556
60.38211382113821,-19.916673373399362
60.32520325203252,-19.9366500419211
60.26829268292683,-19.95662671044284
60.21138211382114,-19.997973768545982
60.15447154471545,-20.022363887089966
60.09756097560975,-20.030029352918078
60.040650406504064,-20.056510053051547
59.983739837398375,-20.078809590006053
59.926829268292686,-20.109239166475213
59.86991869918699,-20.17799607208493
59.8130081300813,-20.244430109261884
59.75609756097561,-20.291584338446924
59.699186991869915,-20.342222870281105
59.642276422764226,-20.38171163363804
59.58536585365854,-20.4383896233974
59.52845528455285,-20.50017792370883
59.47154471544715,-20.512024552715907
59.41463414634146,-20.558249634527847
59.357723577235774,-20.590769792586496
59.300813008130085,-20.62050250852583
59.24390243902439,-20.635136579652222
59.1869918699187,-20.669747319300356
59.13008130081301,-20.666495303494493
59.073170731707314,-20.657436116606725
59.016260162601625,-20.63304599806274
58.959349593495936,-20.63351057174929
58.90243902439025,-20.602151847907024
58.84552845528455,-20.564753666139577
58.78861788617886,-20.546403005520766
58.73170731707317,-20.50180393161176
58.67479674796748,-20.485311565739163
58.61788617886179,-20.467425478806906
58.5609756097561,-20.44605508922551
58.50406504065041,-20.398900860040467
58.447154471544714,-20.32921480705765
58.390243902439025,-20.30598612273004
58.333333333333336,-20.282757438402435
58.27642276422764,-20.278343988380193
58.21951219512195,-20.344778025557147
58.16260162601626,-20.37265244675027
58.10569105691057,-20.425613847017214
58.048780487804876,-20.508075676380216
57.99186991869919,-20.55917878190095
57.9349593495935,-20.635601153338772
57.8780487804878,-20.698783174709867
57.82113821138211,-20.76568178557337
57.764227642276424,-20.839781288578436
57.707317073170735,-20.91736509423264
57.65040650406504,-21.003311226244783
57.59349593495935,-21.022126460550144
57.53658536585366,-21.032811655340844
57.479674796747965,-21.0613829370638
57.422764227642276,-21.046284292250853
57.36585365853659,-21.04233541591516
57.3089430894309,-21.04094169485551
57.2520325203252,-21.04767801331051
57.19512195121951,-21.047910300153788
57.13821138211382,-21.02003587896066
57.08130081300813,-21.000756070968748
57.02439024390244,-20.990535449864602
56.96747967479675,-20.936180328538
56.91056910569106,-20.93083773114265
56.853658536585364,-20.891581254628996
56.796747967479675,-20.87090772557743
56.739837398373986,-20.85534450707793
56.68292682926829,-20.84001357542171
56.6260162601626,-20.841175009638093
56.56910569105691,-20.85720280182414
56.51219512195122,-20.866726562398462
56.45528455284553,-20.858596522883797
56.39837398373984,-20.844427025443956
56.34146341463415,-20.895762417807966
56.28455284552845,-20.960802733925263
56.22764227642276,-20.988909441961667
56.170731707317074,-21.020500452647212
56.113821138211385,-21.072300418697772
56.05691056910569,-21.151277945411636
56.0,-21.206794500954615
55.94308943089431,-21.251625861706895
55.886178861788615,-21.336410559502657
55.829268292682926,-21.41469122568669
55.77235772357724,-21.488093868161926
55.71544715447155,-21.574736860703897
55.65853658536585,-21.61770992670997
55.60162601626016,-21.69459687183435
55.54471544715447,-21.735943929937484
55.48780487804878,-21.77403897223476
55.43089430894309,-21.81399230927824
55.3739837398374,-21.838382427822232
55.31707317073171,-21.887627238596757
55.260162601626014,-21.936175188841453
55.203252032520325,-21.936639762528003
55.146341463414636,-21.973573370608896
55.08943089430894,-21.997963489152884
55.03252032520325,-21.98820744173529
54.97560975609756,-21.971947362705965
54.91869918699187,-21.98983344963822
54.86178861788618,-21.977057673258038
54.80487804878049,-21.958242438952677
54.7479674796748,-21.938962630960766
54.6910569105691,-21.91248193082729
54.63414634146341,-21.879032625395542
54.577235772357724,-21.863933980582594
54.520325203252035,-21.859985104246903
54.46341463414634,-21.858126809500696
54.40650406504065,-21.90504875184246
54.34959349593496,-21.941750073080076
54.292682926829265,-21.961029881071994
54.235772357723576,-21.99355003913064
54.17886178861789,-22.01654643661497
54.1219512195122,-22.034664810390503
54.0650406504065,-22.061842371053803
54.00813008130081,-22.123630671365234
53.951219512195124,-22.157312263640264
53.89430894308943,-22.148949937282328
53.83739837398374,-22.14987908465543
53.78048780487805,-22.153131100461295
53.72357723577236,-22.156615403110436
53.666666666666664,-22.168926605804067
53.609756097560975,-22.15568625573733
53.552845528455286,-22.15452482152095
53.49593495934959,-22.155453968894054
53.4390243902439,-22.157312263640264
53.38211382113821,-22.15684768995371
53.32520325203252,-22.199820755959784
53.26829268292683,-22.20167905070599
53.21138211382114,-22.20469877966858
53.15447154471545,-22.20887994284755
53.09756097560975,-22.2355929298243
53.040650406504064,-22.313641309165057
52.983739837398375,-22.343141738261114
52.926829268292686,-22.37287445420045
52.86991869918699,-22.382862788461324
52.8130081300813,-22.426300428153944
52.75609756097561,-22.502025939061937
52.699186991869915,-22.534313810277318
52.642276422764226,-22.582397186835458
52.58536585365854,-22.61491734489411
52.52845528455285,-22.64557920820655
52.47154471544715,-22.68506797156348
52.41463414634146,-22.69621774004073
52.357723577235774,-22.709458090107468
52.300813008130085,-22.724324448077134
52.24390243902439,-22.731757627061967
52.1869918699187,-22.720840145427992
52.13008130081301,-22.733383634964902
52.073170731707314,-22.73059619284559
52.016260162601625,-22.729434758629207
51.959349593495936,-22.71572983487592
51.90243902439025,-22.707367508517983
51.84552845528455,-22.715497548032644
51.78861788617886,-22.748017706091293
51.73170731707317,-22.735009642867833
51.67479674796748,-22.69389487160797
51.61788617886179,-22.695288592667627
51.5609756097561,-22.689713708429
51.50406504065041,-22.689713708429
51.447154471544714,-22.676008784675716
51.390243902439025,-22.662303860922425
51.333333333333336,-22.679957661011407
51.27642276422764,-22.672292195183296
51.21951219512195,-22.672524482026574
51.16260162601626,-22.67438277677278
51.10569105691057,-22.658122697743458
51.048780487804876,-22.624441105468428
50.99186991869919,-22.630945137080154
50.9349593495935,-22.64883122401241
50.8780487804878,-22.67391820308623
50.82113821138211,-22.689713708429
50.764227642276424,-22.718981850681786
50.707317073170735,-22.771710964105452
50.65040650406504,-22.76427778512062
50.59349593495935,-22.73291906127835
50.53658536585366,-22.74267510869594
50.479674796747965,-22.76009662194165
50.422764227642276,-22.793313640530126
50.36585365853659,-22.809573719559452
50.3089430894309,-22.845113606580686
50.2520325203252,-22.86276740666967
50.19512195121951,-22.920606830645408
50.13821138211382,-22.96845792036028
50.08130081300813,-23.012127846896178
50.02439024390244,-23.042325136522066
49.96747967479675,-23.13105871065352
49.91056910569106,-23.24209182173948
49.853658536585364,-23.286458608805205
49.796747967479675,-23.34708547490026
49.739837398373986,-23.413751798920487
49.68292682926829,-23.43744505693465
49.6260162601626,-23.457654012299663
49.56910569105691,-23.48924502298521
49.51219512195122,-23.538954407446287
49.45528455284553,-23.561718518087343
49.39837398373984,-23.58889607875064
49.34146341463415,-23.62304224471222
49.28455284552845,-23.669964187053985
49.22764227642276,-23.725248455753693
49.170731707317074,-23.780068150766837
49.113821138211385,-23.78053272445339
49.05691056910569,-23.802832261407897
49.0,-23.826990093108606
48.94308943089431,-23.84185645107827
48.886178861788615,-23.868337151211744
48.829268292682926,-23.88854610657676
48.77235772357724,-23.883203509181413
48.71544715447155,-23.887152385517105
48.65853658536585,-23.926176575187487
48.60162601626016,-23.963110183268377
48.54471544715447,-23.983551425476676
48.48780487804878,-24.014677862475665
48.43089430894309,-24.02071732040084
48.3739837398374,-24.031867088878094
48.31707317073171,-24.035119104683957
48.260162601626014,-24.021414180930673
48.203252032520325,-24.038371120489824
48.146341463414636,-24.05045003634018
48.08943089430894,-24.05161147055656
48.03252032520325,-24.054863486362425
47.97560975609756,-24.05532806004898
47.91869918699187,-24.05439891267587
47.86178861788618,-24.021181894087395
47.80487804878049,-24.02025274671429
47.7479674796748,-23.973795378059076
47.6910569105691,-23.949172972671818
47.63414634146341,-23.924085993598
47.577235772357724,-23.872053740704164
47.520325203252035,-23.892494982912453
47.46341463414634,-23.924085993598
47.40650406504065,-23.90527075929264
47.34959349593496,-23.88924296710659
47.292682926829265,-23.880183780218825
47.235772357723576,-23.889010680263315
47.17886178861789,-23.90573533297919
47.1219512195122,-23.908755061941783
47.0650406504065,-23.91874339620265
47.00813008130081,-23.92292455938162
46.951219512195124,-23.956838438499926
46.89430894308943,-23.96938192803683
46.83739837398374,-24.022343328303773
46.78048780487805,-24.05091461002673
46.72357723577236,-24.10155314186091
46.666666666666664,-24.10875403400247
46.609756097560975,-24.01421328878911
46.552845528455286,-24.019323599341185
46.49593495934959,-23.992610612364437
46.4390243902439,-23.987732588655643
46.38211382113821,-23.93941692525422
46.32520325203252,-23.957070725343204
46.26829268292683,-23.97193708331287
46.21138211382114,-23.96938192803683
46.15447154471545,-23.99725634922996
46.09756097560975,-24.080182752279512
46.040650406504064,-24.074607868040886
45.983739837398375,-24.05858007585484
45.926829268292686,-24.047198020534314
45.86991869918699,-24.017000730908425
45.8130081300813,-24.060206083757773
45.75609756097561,-24.062993525877083
45.699186991869915,-24.104805157666778
45.642276422764226,-24.085525349674867
45.58536585365854,-24.087151357577795
45.52845528455285,-24.10875403400247
45.47154471544715,-24.18145981594788
45.41463414634146,-24.206779081864973
45.357723577235774,-24.213050826633424
45.300813008130085,-24.257649900542425
45.24390243902439,-24.330820256174388
45.1869918699187,-24.381691074851844
45.13008130081301,-24.495047054370566
45.073170731707314,-24.52106318081748
45.016260162601625,-24.535000391414044
44.959349593495936,-24.548937602010607
44.90243902439025,-24.60863532073256
44.84552845528455,-24.637671176142067
44.78861788617886,-24.679018234245206
44.73170731707317,-24.717577850229034
44.67479674796748,-24.757066613585963
44.61788617886179,-24.809331153323075
44.5609756097561,-24.83976072979224
44.50406504065041,-24.857182243037947
44.447154471544714,-24.901316743260395
44.390243902439025,-24.93290775394594
44.333333333333336,-24.99097946476496
44.27642276422764,-25.074602728344342
44.21951219512195,-25.162174868259417
44.16260162601626,-25.24835328711484
44.10569105691057,-25.275298560934857
44.048780487804876,-25.35195321921596
43.99186991869919,-25.440686793347417
43.9349593495935,-25.519896606904553
43.8780487804878,-25.597712699402035
43.82113821138211,-25.667166465541577
43.764227642276424,-25.70874581048799
43.707317073170735,-25.75961662916545
43.65040650406504,-25.81211345574584
43.59349593495935,-25.849047063826735
43.53658536585366,-25.87436632974383
43.479674796747965,-25.876224624490035
43.422764227642276,-25.8910909824597
43.36585365853659,-25.899685595660916
43.3089430894309,-25.9017761772504
43.2520325203252,-25.877386058706417
43.19512195121951,-25.872972608684172
43.13821138211382,-25.876224624490035
43.08130081300813,-25.913855093100757
43.02439024390244,-25.9338317616225
42.96747967479675,-25.970533082860115
42.91056910569106,-26.015829017298948
42.853658536585364,-26.03650254635052
42.796747967479675,-26.059034370148296
42.739837398373986,-26.070880999155374
42.68292682926829,-26.09016080714729
42.6260162601626,-26.10781460723627
42.56910569105691,-26.114318638847998
42.51219512195122,-26.142889920570955
42.45528455284553,-26.12802356260129
42.39837398373984,-26.14683879690665
42.34146341463415,-26.151716820615444
42.28455284552845,-26.152645967988548
42.22764227642276,-26.183772404987543
42.170731707317074,-26.18144953655478
42.113821138211385,-26.2190800051655
42.05691056910569,-26.253226171127082
42.0,-26.280171444947108
41.94308943089431,-26.31478218459524
41.886178861788615,-26.354503234795448
41.829268292682926,-26.408161495592218
41.77235772357724,-26.45763859321002
41.71544715447155,-26.467626927470892
41.65853658536585,-26.47947355647797
41.60162601626016,-26.490391038111948
41.54471544715447,-26.509903132947134
41.48780487804878,-26.50665111714127
41.43089430894309,-26.51478115665593
41.3739837398374,-26.50967084610386
41.31707317073171,-26.524769490916803
41.260162601626014,-26.497824217096777
41.203252032520325,-26.477382974888485
41.146341463414636,-26.464374911665026
41.08943089430894,-26.444165956300004
41.03252032520325,-26.426976729897582
40.97560975609756,-26.45043770106846
40.91869918699187,-26.437197351001725
40.86178861788618,-26.370531026981496
40.80487804878049,-26.31292388984903
40.7479674796748,-26.230926634172583
40.6910569105691,-26.16844147333132
40.63414634146341,-26.108511467766096
40.577235772357724,-26.07041642546882
40.520325203252035,-26.031392235798446
40.46341463414634,-26.00282095407549
40.40650406504065,-25.950091840651822
40.34959349593496,-25.940568080077504
40.292682926829265,-25.921752845772144
40.235772357723576,-25.922914279988525
40.17886178861789,-25.93847749848802
40.1219512195122,-25.97657254078529
40.0650406504065,-26.04161285690259
40.00813008130081,-26.162866589092697
39.951219512195124,-26.27901001073073
39.89430894308943,-26.370066453294946
39.83739837398374,-26.462052043232266
39.78048780487805,-26.53429325149112
39.72357723577236,-26.632550586196892
39.666666666666664,-26.704327220769198
39.609756097560975,-26.74381598412613
39.552845528455286,-26.783769321169615
39.49593495934959,-26.807927152870324
39.4390243902439,-26.827439247705513
39.38211382113821,-26.834175566160518
39.32520325203252,-26.834175566160518
39.26829268292683,-26.890621269076604
39.21138211382114,-26.995382635394108
39.15447154471545,-27.037194267183796
39.09756097560975,-27.11082919650231
39.040650406504064,-27.18516098635065
38.983739837398375,-27.277378863131247
38.926829268292686,-27.364718716203047
38.86991869918699,-27.488527603669187
38.8130081300813,-27.522209195944217
38.75609756097561,-27.550548190823896
38.699186991869915,-27.552871059256656
38.642276422764226,-27.543579585525613
38.58536585365854,-27.525461211750084
38.52845528455285,-27.55287105925666
38.47154471544715,-27.558213656652008
38.41463414634146,-27.56169795930115
38.357723577235774,-27.57633203042754
38.300813008130085,-27.583068348882545
38.24390243902439,-27.594682691046348
38.1869918699187,-27.617446801687404
38.13008130081301,-27.630919438597413
38.073170731707314,-27.6213956780231
38.016260162601625,-27.59282439630014
37.959349593495936,-27.56820199091288
37.90243902439025,-27.572383154091845
37.84552845528455,-27.596540985792558
37.78861788617886,-27.643230641291048
37.73170731707317,-27.671801923014
37.67479674796748,-27.659258433477092
37.61788617886179,-27.729409060146466
37.5609756097561,-27.6824871178047
37.50406504065041,-27.695030607341607
37.447154471544714,-27.682719404647976
37.390243902439025,-27.656935565044336
37.333333333333336,-27.63184858597052
37.27642276422764,-27.636958896522593
37.21951219512195,-27.65972300716365
37.16260162601626,-27.68550684676729
37.10569105691057,-27.70246378632644
37.048780487804876,-27.745901426019067
36.99186991869919,-27.783764181473064
36.9349593495935,-27.798630539442733
36.8780487804878,-27.826969534322416
36.82113821138211,-27.871568608231417
36.764227642276424,-27.94520353754993
36.707317073170735,-28.00513354311515
36.65040650406504,-28.00490125627188
36.59349593495935,-27.98771202986945
36.53658536585366,-27.974936253489265
36.479674796747965,-27.96285733763891
36.422764227642276,-27.952172142848212
36.36585365853659,-27.95101070863183
36.3089430894309,-27.954262724437694
36.2520325203252,-27.970058229780467
36.19512195121951,-27.983763153533754
36.13821138211382,-27.98283400616065
36.08130081300813,-28.0153541642193
36.02439024390244,-28.05623664863589
35.96747967479675,-28.100138862015065
35.91056910569106,-28.060417811814855
35.853658536585364,-28.04299629856915
35.796747967479675,-28.026271645853274
35.739837398373986,-27.98933803777238
35.68292682926829,-27.967503074504428
35.6260162601626,-27.94264838227389
35.56910569105691,-27.942880669117166
35.51219512195122,-27.94148694805751
35.45528455284553,-27.94682954545286
35.39837398373984,-27.976097687705646
35.34146341463415,-27.961928190265805
35.28455284552845,-27.971916524526677
35.22764227642276,-27.981904858787544
35.170731707317074,-27.97563311401909
35.113821138211385,-27.96982594293719
35.05691056910569,-27.970290516623745
35.0,-28.006062690488257
34.94308943089431,-28.017909319495338
34.886178861788615,-28.03533083274104
34.829268292682926,-28.048106609121223
34.77235772357724,-28.09386711724661
34.71544715447155,-28.126619562148534
34.65853658536585,-28.1628563096996
34.60162601626016,-28.193285886168766
34.54471544715447,-28.22673519160052
34.48780487804878,-28.25902306281589
34.43089430894309,-28.349614931693555
34.3739837398374,-28.390265129266865
34.31707317073171,-28.406060634609638
34.260162601626014,-28.484109013950395
34.203252032520325,-28.52429463783715
34.146341463414636,-28.56401568803736
34.08943089430894,-28.62650084887862
34.03252032520325,-28.675745659653145
33.97560975609756,-28.692702599212296
33.91869918699187,-28.7198801598756
33.86178861788618,-28.718021865129394
33.80487804878049,-28.717325004599562
33.7479674796748,-28.743108844203203
33.6910569105691,-28.808846020850332
33.63414634146341,-28.837649589416564
33.577235772357724,-28.85623253687865
33.520325203252035,-28.894095292332644
33.46341463414634,-28.904780487123347
33.40650406504065,-28.929635179353884
33.34959349593496,-28.941249521517683
33.292682926829265,-28.961226190039426
33.235772357723576,-29.008844992911023
33.17886178861789,-29.029286235119315
33.1219512195122,-29.072723874811942
33.0650406504065,-29.0915391091173
33.00813008130081,-29.166335472652193
32.951219512195124,-29.204198228106193
32.89430894308943,-29.255998194156753
32.83739837398374,-29.279459165327637
32.78048780487805,-29.32963312347526
32.72357723577236,-29.356578397295287
32.666666666666664,-29.392118284316524
32.609756097560975,-29.416508402860508
32.552845528455286,-29.418134410763443
32.49593495934959,-29.473650966306423
32.4390243902439,-29.50152538749955
32.38211382113821,-29.52893523500613
32.32520325203252,-29.599782722205326
32.26829268292683,-29.648098385606747
32.21138211382114,-29.707331530642143
32.15447154471545,-29.721965601768535
32.09756097560975,-29.752162891394423
32.040650406504064,-29.77724987046824
31.983739837398375,-29.78166332049048
31.926829268292682,-29.81580948645206
31.869918699186993,-29.827423828615867
31.8130081300813,-29.864589723540035
31.75609756097561,-29.875971778860567
31.69918699186992,-29.907330502702834
31.642276422764226,-29.906169068486452
31.585365853658537,-29.90454306058352
31.528455284552845,-29.91104709219525
31.471544715447155,-29.929165465970783
31.414634146341463,-29.943102676567346
31.357723577235774,-29.929165465970783
31.30081300813008,-29.905472207956624
31.24390243902439,-29.937295505485444
31.1869918699187,-29.94054752129131
31.130081300813007,-29.95216186345511
31.073170731707318,-29.988630897849454
31.016260162601625,-30.05204520606382
30.959349593495936,-30.0745770298616
30.902439024390244,-30.110813777412666
30.84552845528455,-30.153089982888908
30.788617886178862,-30.18955901728325
30.73170731707317,-30.291997515167996
30.67479674796748,-30.328001975875786
30.617886178861788,-30.398617176231706
30.5609756097561,-30.414180394731204
30.504065040650406,-30.485957029303506
30.447154471544714,-30.50105567411645
30.390243902439025,-30.5335758321751
30.333333333333332,-30.583285216636177
30.276422764227643,-30.66505018546935
30.21951219512195,-30.705003522512833
30.16260162601626,-30.73194879633286
30.10569105691057,-30.786303917659456
30.048780487804876,-30.83136756525501
29.991869918699187,-30.926605170998197
29.934959349593495,-30.95308587113167
29.878048780487806,-30.98374773444411
29.821138211382113,-31.000007813473434
29.764227642276424,-31.007440992458264
29.70731707317073,-31.045303747912264
29.650406504065042,-31.11057635087284
29.59349593495935,-31.144490229991145
29.536585365853657,-31.198148490787915
29.479674796747968,-31.22509376460794
29.422764227642276,-31.23972783573433
29.365853658536587,-31.27340942800936
29.308943089430894,-31.2982641202399
29.252032520325205,-31.301980709732316
29.195121951219512,-31.328925983552338
29.13821138211382,-31.356800404745467
29.08130081300813,-31.344489202051836
29.024390243902438,-31.302677570262144
28.96747967479675,-31.278519738561435
28.910569105691057,-31.285488343859715
28.853658536585368,-31.293153809687826
28.796747967479675,-31.293850670217655
28.739837398373982,-31.31289819136629
28.682926829268293,-31.322654238783883
28.6260162601626,-31.329622844082166
28.56910569105691,-31.331248851985098
28.51219512195122,-31.308252454500767
28.45528455284553,-31.28943722019541
28.398373983739837,-31.300122414986106
28.341463414634145,-31.287346638605925
28.284552845528456,-31.228345780413804
28.227642276422763,-31.188624730213597
28.170731707317074,-31.19141217233291
28.11382113821138,-31.20256194081016
28.056910569105693,-31.252503612114516
28.0,-31.277822878031607
27.943089430894307,-31.292224662314723
27.88617886178862,-31.294779817590758
27.829268292682926,-31.29292152284455
27.772357723577237,-31.302445283418866
27.715447154471544,-31.29454753074748
27.658536585365855,-31.300354701829384
27.601626016260163,-31.322886525627162
27.54471544715447,-31.3914111443936
27.48780487804878,-31.43391963671312
27.43089430894309,-31.435313357772777
27.3739837398374,-31.28688206491937
27.317073170731707,-30.851808807463307
27.260162601626018,-29.74984002296166
27.203252032520325,-29.95239415029839
27.146341463414632,-30.354947249695805
27.089430894308943,-31.603721319147922
27.03252032520325,-32.058771245125726
26.975609756097562,-32.101744311131796
26.91869918699187,-32.83298329376485
26.86178861788618,-32.970264818141
26.804878048780488,-33.39256229921689
26.747967479674795,-34.162593184677036
26.691056910569106,-35.08012621561748
26.634146341463413,-35.56769629965394
26.577235772357724,-35.78836880076619
26.520325203252032,-36.02135250457209
26.463414634146343,-36.56606515205446
26.40650406504065,-37.13772307335685
26.349593495934958,-37.35467898497669
26.29268292682927,-37.48824391986043
26.235772357723576,-37.72262134472597
26.178861788617887,-37.65409672595953
26.121951219512194,-37.25107905287557
26.065040650406505,-36.84225420870969
26.008130081300813,-36.4385396750959
25.951219512195124,-35.83227101414538
25.89430894308943,-35.77141186120704
25.83739837398374,-35.92797319357511
25.78048780487805,-36.15166542364996
25.723577235772357,-36.36327873787445
25.666666666666668,-36.58534496004637
25.609756097560975,-36.680814852632835
25.552845528455286,-36.706598692236476
25.495934959349594,-36.80555288747208
25.4390243902439,-36.95607476191496
25.382113821138212,-37.10822264426079
25.32520325203252,-37.24271672651763
25.26829268292683,-37.235748121219345
25.211382113821138,-37.01577248063691
25.15447154471545,-36.762579821466005
25.097560975609756,-36.42738990661864
25.040650406504064,-36.07501076536886
24.983739837398375,-35.71914732146993
24.926829268292682,-35.421355588390014
24.869918699186993,-35.202076808337424
24.8130081300813,-34.99232178885913
24.75609756097561,-34.874784646161444
24.69918699186992,-34.777224171985495
24.642276422764226,-34.70266009529388
24.585365853658537,-34.68361257414524
24.528455284552845,-34.70800269268923
24.471544715447155,-34.74423944024029
24.414634146341463,-34.77443672986618
24.357723577235774,-34.80509859317863
24.30081300813008,-34.824146114327256
24.24390243902439,-34.93610837278632
24.1869918699187,-35.045980049655896
24.130081300813007,-35.25527049544763
24.073170731707318,-35.3788470960705
24.016260162601625,-35.38418969346585
23.959349593495936,-35.39719775668931
23.902439024390244,-35.40486322251742
23.84552845528455,-35.38813856980154
23.788617886178862,-35.337964611653916
23.73170731707317,-35.29197181668525
23.67479674796748,-35.26827855867109
23.617886178861788,-35.2157817320907
23.5609756097561,-35.207187118889486
23.504065040650406,-35.22971894268727
23.447154471544714,-35.23854584273175
23.390243902439025,-35.30033414304319
23.333333333333332,-35.38233139871964
23.276422764227643,-35.49173850190267
23.21951219512195,-35.58953126292189
23.16260162601626,-35.75677779008066
23.10569105691057,-35.924024317239414
23.048780487804876,-36.11682239715855
22.991869918699187,-36.29707698754078
22.934959349593495,-36.361420443128246
22.878048780487806,-36.40485808282087
22.821138211382113,-36.438539675095896
22.764227642276424,-36.51356832547407
22.70731707317073,-36.58557724688965
22.650406504065042,-36.70009466062474
22.59349593495935,-36.77651703206257
22.536585365853657,-36.82599412968037
22.479674796747968,-36.8489905271647
22.422764227642276,-36.85084882191091
22.365853658536587,-36.84945510085126
22.308943089430894,-36.85712056667937
22.252032520325205,-36.82924614548624
22.195121951219512,-36.80787575590484
22.13821138211382,-36.79881656901707
22.08130081300813,-36.825529555993825
22.024390243902438,-36.82924614548624
21.96747967479675,-36.83203358760555
21.910569105691057,-36.82018695859847
21.853658536585368,-36.82018695859847
21.796747967479675,-36.80067486376328
21.739837398373982,-36.77326501625671
21.682926829268293,-36.79556455321121
21.6260162601626,-36.82506498230727
21.56910569105691,-36.830639866545894
21.51219512195122,-36.89614475634974
21.45528455284553,-36.93818867498271
21.398373983739837,-36.958629917191004
21.341463414634145,-37.00601643321932
21.284552845528456,-37.018095349069675
21.227642276422763,-36.98185860151861
21.170731707317074,-36.95212588557927
21.11382113821138,-36.91542456434166
21.056910569105693,-36.86687661409695
21.0,-36.77210358204032
20.943089430894307,-36.693822915856295
20.88617886178862,-36.66525163413334
20.829268292682926,-36.64666868667125
20.772357723577237,-36.67361396049128
20.715447154471544,-36.70334667643061
20.658536585365855,-36.73516997395943
20.601626016260163,-36.783485637360855
20.54471544715447,-36.85851428773903
20.48780487804878,-36.90079049321527
20.43089430894309,-37.036213722845204
20.3739837398374,-37.10775807057424
20.317073170731707,-37.185341876228435
20.260162601626018,-37.26687455821833
20.203252032520325,-37.33841890594737
20.146341463414632,-37.372100498222395
20.089430894308943,-37.40369150890794
20.03252032520325,-37.417628719504506
19.975609756097562,-37.440160543302284
19.91869918699187,-37.487547059330595
19.86178861788618,-37.541205320127375
19.804878048780488,-37.609962225737085
19.747967479674795,-37.63713978640038
19.691056910569106,-37.72262134472598
19.634146341463413,-37.80368945302932
19.577235772357724,-37.85061139537108
19.520325203252032,-37.878021242877665
19.463414634146343,-37.93214407736099
19.40650406504065,-37.963735088046526
19.349593495934958,-38.01390904619416
19.29268292682927,-38.03527943577555
19.235772357723576,-38.058275833259884
19.178861788617887,-38.1279618862427
19.121951219512194,-38.17325782068154
19.065040650406505,-38.206939412956565
19.008130081300813,-38.25966852638024
18.951219512195124,-38.287775234416635
18.89430894308943,-38.26988914748438
18.83739837398374,-38.23318782624676
18.78048780487805,-38.229238949911064
18.723577235772357,-38.171864099621885
18.666666666666668,-38.138647081033405
18.609756097560975,-38.12656816518305
18.552845528455286,-38.142595957369096
18.495934959349594,-38.138414794190126
18.4390243902439,-38.16187576536101
18.382113821138212,-38.17906499176344
18.32520325203252,-38.15304886531652
18.26829268292683,-38.15304886531652
18.211382113821138,-38.14724169423462
18.15447154471545,-38.14700940739134
18.097560975609756,-38.151655144256864
18.040650406504064,-38.17883270492016
17.983739837398375,-38.20322282346416
17.926829268292682,-38.218089181433825
17.869918699186993,-38.21669546037416
17.8130081300813,-38.29033038969267
17.75609756097561,-38.315881942453046
17.69918699186992,-38.376276521704824
17.642276422764226,-38.44317513256833
17.585365853658537,-38.51262889870787
17.528455284552845,-38.56210599632567
17.471544715447155,-38.622965149264
17.414634146341463,-38.67406825478473
17.357723577235774,-38.72215163134287
17.30081300813008,-38.72726194189495
17.24390243902439,-38.73887628405875
17.1869918699187,-38.76698299209515
17.130081300813007,-38.78951481589293
17.073170731707318,-38.80856233704157
17.016260162601625,-38.803219739646224
16.959349593495936,-38.80275516595967
16.902439024390244,-38.80716861598191
16.84552845528455,-38.80066458437018
16.788617886178862,-38.82064125289193
16.73170731707317,-38.8248224160709
16.67479674796748,-38.836901331921254
16.617886178861788,-38.871744358412656
16.5609756097561,-38.88893358481509
16.504065040650406,-38.89357932168061
16.447154471544714,-38.904496803314586
16.390243902439025,-38.91750486653804
16.333333333333332,-38.92168602971701
16.276422764227643,-38.94491471404462
16.21951219512195,-38.99323037744604
16.16260162601626,-39.04108146716091
16.10569105691057,-39.11216124120339
16.048780487804876,-39.14468139926203
15.991869918699187,-39.237828423415735
15.934959349593496,-39.24944276557954
15.878048780487806,-39.292648118428886
15.821138211382113,-39.338873200240826
15.764227642276422,-39.390208592604836
15.707317073170731,-39.45803635084144
15.65040650406504,-39.56883717508413
15.59349593495935,-39.676385983520944
15.536585365853659,-39.75071777336928
15.479674796747968,-39.82830157902349
15.422764227642276,-39.890322166178194
15.365853658536585,-39.940960698012375
15.308943089430894,-39.95094903227325
15.252032520325203,-40.00693016150278
15.195121951219512,-40.081261951351124
15.138211382113822,-40.12167986208115
15.08130081300813,-40.15025114380411
15.024390243902438,-40.18091300711655
14.967479674796747,-40.26569770491231
14.910569105691057,-40.290552397142854
14.853658536585366,-40.3725496528193
14.796747967479675,-40.4250464793997
14.739837398373984,-40.45292090059283
14.682926829268293,-40.47196842174145
14.626016260162602,-40.49403567185268
14.56910569105691,-40.528646411500816
14.512195121951219,-40.56836746170102
