----isotherm parameters----
start time: ,2022-11-30 13:31:06.550718+00:00
end time: ,2022-11-30 13:34:18.120828+00:00
number of smooting values: ,1
total sample steps: ,2000
stepper delay: ,0.001
area_change_expected: ,1.4e+18
molecules deposited: ,1.23e+16
----isotherm data----
area_per_molecule (Ang^2/molecule),surface pressure (mN/m)
128.27642276422765,-0.34063898289104894
128.21951219512195,-0.33493667137739763
128.16260162601625,-0.33493667137739763
128.10569105691056,-0.31497858107961824
128.0487804878049,-0.27962424969498045
127.99186991869918,-0.27563263163542456
127.9349593495935,-0.27563263163542456
127.8780487804878,-0.27563263163542456
127.82113821138212,-0.2784837873922502
127.76422764227642,-0.2784837873922502
127.70731707317073,-0.2784837873922502
127.65040650406505,-0.2585256970944708
127.59349593495935,-0.23913783794805654
127.53658536585365,-0.23913783794805654
127.47967479674797,-0.23742714449396116
127.42276422764228,-0.21974997880164227
127.36585365853658,-0.21974997880164227
127.3089430894309,-0.24198899370488214
127.2520325203252,-0.24198899370488214
127.1951219512195,-0.21632859189345147
127.13821138211382,-0.21119651153116537
127.08130081300813,-0.21632859189345147
127.02439024390245,-0.22203090340710274
126.96747967479675,-0.22203090340710274
126.91056910569105,-0.2123369738338956
126.85365853658537,-0.20150258195795823
126.79674796747967,-0.20150258195795823
126.73983739837398,-0.20435373771478385
126.6829268292683,-0.20948581807706998
126.6260162601626,-0.22146067225573765
126.5691056910569,-0.22146067225573765
126.51219512195122,-0.20663466232024433
126.45528455284553,-0.20264304426068847
126.39837398373983,-0.20663466232024433
126.34146341463415,-0.20264304426068847
126.28455284552845,-0.19808119504976746
126.22764227642277,-0.1918086523847511
126.17073170731707,-0.1918086523847511
126.11382113821138,-0.20321327541205358
126.0569105691057,-0.20321327541205358
126.0,-0.20321327541205358
125.9430894308943,-0.21518812959072126
125.88617886178862,-0.22260113455846786
125.82926829268293,-0.22260113455846786
125.77235772357723,-0.20378350656341873
125.71544715447155,-0.1838254162656393
125.65853658536585,-0.1838254162656393
125.60162601626017,-0.18325518511427422
125.54471544715447,-0.1838254162656393
125.48780487804878,-0.19694073274703722
125.4308943089431,-0.2168988230448166
125.3739837398374,-0.19979188850386284
125.3170731707317,-0.18325518511427422
125.26016260162602,-0.18211472281154395
125.20325203252033,-0.15474362754601792
125.14634146341463,-0.1347855372482385
125.08943089430895,-0.1347855372482385
125.03252032520325,-0.15474362754601792
124.97560975609755,-0.15759478330284354
124.91869918699187,-0.15759478330284354
124.86178861788618,-0.15759478330284354
124.8048780487805,-0.15417339639465277
124.7479674796748,-0.127942763431857
124.6910569105691,-0.132504612642778
124.63414634146342,-0.132504612642778
124.57723577235772,-0.132504612642778
124.52032520325203,-0.11368698464772886
124.46341463414635,-0.1079846731340776
124.40650406504065,-0.1079846731340776
124.34959349593495,-0.1125465223449986
124.29268292682927,-0.12452137652366624
124.23577235772358,-0.12452137652366624
124.17886178861788,-0.1102655977395381
124.1219512195122,-0.09315866319858432
124.0650406504065,-0.09315866319858432
124.00813008130082,-0.09486935665267969
123.95121951219512,-0.12851299458322213
123.89430894308943,-0.12851299458322213
123.83739837398375,-0.12851299458322213
123.78048780487805,-0.12680230112912674
123.72357723577235,-0.12109998961547548
123.66666666666667,-0.10114189931769609
123.60975609756098,-0.09658005010677509
123.55284552845528,-0.09658005010677509
123.4959349593496,-0.1057037485286171
123.4390243902439,-0.12452137652366624
123.3821138211382,-0.12452137652366624
123.32520325203252,-0.13136415034004775
123.26829268292683,-0.13136415034004775
123.21138211382114,-0.10912513543680784
123.15447154471545,-0.09829074356087046
123.09756097560975,-0.10912513543680784
123.04065040650407,-0.12109998961547548
122.98373983739837,-0.12109998961547548
122.92682926829268,-0.12052975846411036
122.869918699187,-0.1148274469504591
122.8130081300813,-0.1148274469504591
122.7560975609756,-0.09772051240950533
122.69918699186992,-0.09772051240950533
122.64227642276423,-0.12851299458322213
122.58536585365853,-0.15018177833509688
122.52845528455285,-0.15018177833509688
122.47154471544715,-0.13820692415642927
122.41463414634147,-0.13820692415642927
122.35772357723577,-0.13820692415642927
122.30081300813008,-0.12908322573458725
122.2439024390244,-0.12224045191820575
122.1869918699187,-0.12224045191820575
122.130081300813,-0.14162831106462
122.07317073170732,-0.14162831106462
122.01626016260163,-0.10513351737725196
121.95934959349593,-0.10513351737725196
121.90243902439025,-0.12167022076684061
121.84552845528455,-0.12737253228049186
121.78861788617886,-0.12737253228049186
121.73170731707317,-0.18952772777929058
121.67479674796748,-0.19922165735249772
121.6178861788618,-0.19922165735249772
121.5609756097561,-0.17356125554106708
121.5040650406504,-0.13649623070233388
121.44715447154472,-0.13649623070233388
121.39024390243902,-0.16956963748151116
121.33333333333333,-0.19294911468748135
121.27642276422765,-0.20948581807706998
121.21951219512195,-0.23457598873713553
121.16260162601625,-0.236856913342596
121.10569105691057,-0.236856913342596
121.04878048780488,-0.2357164510398658
120.99186991869918,-0.23058437067757961
120.9349593495935,-0.23058437067757961
120.8780487804878,-0.236856913342596
120.82113821138212,-0.23799737564532628
120.76422764227642,-0.24369968715897755
120.70731707317073,-0.24426991831034267
120.65040650406505,-0.25909592824583594
120.59349593495935,-0.25909592824583594
120.53658536585365,-0.23001413952621452
120.47967479674797,-0.23001413952621452
120.42276422764228,-0.2431294560076124
120.36585365853658,-0.2494019986726288
120.3089430894309,-0.25054246097535904
120.2520325203252,-0.2659387020622174
120.1951219512195,-0.2499722298239939
120.13821138211382,-0.2408485314021519
120.08130081300813,-0.2408485314021519
120.02439024390245,-0.24883176752126368
119.96747967479675,-0.24883176752126368
119.91056910569105,-0.24883176752126368
119.85365853658537,-0.24769130521853341
119.79674796747967,-0.24769130521853341
119.73983739837398,-0.2739219381813292
119.6829268292683,-0.2744921693326943
119.6260162601626,-0.2739219381813292
119.5691056910569,-0.2602363905485662
119.51219512195122,-0.24769130521853341
119.45528455284553,-0.21062628037980025
119.39837398373983,-0.19808119504976746
119.34146341463415,-0.19808119504976746
119.28455284552845,-0.2123369738338956
119.22764227642277,-0.2123369738338956
119.17073170731707,-0.19922165735249772
119.11382113821138,-0.1855361097197347
119.0569105691057,-0.1615864013623994
119.0,-0.1496115471837318
118.9430894308943,-0.1496115471837318
118.88617886178862,-0.15075200948646203
118.82926829268293,-0.15075200948646203
118.77235772357723,-0.15075200948646203
118.71544715447155,-0.1610161702110343
118.65853658536585,-0.15474362754601792
118.60162601626017,-0.15018177833509688
118.54471544715447,-0.1387771553077944
118.48780487804878,-0.1057037485286171
118.4308943089431,-0.1057037485286171
118.3739837398374,-0.10456328622588686
118.3170731707317,-0.07719219096036081
118.26016260162602,-0.07719219096036081
118.20325203252033,-0.09087773859312381
118.14634146341463,-0.09087773859312381
118.08943089430895,-0.07605172865763055
118.03252032520325,-0.04639970878664401
117.97560975609755,-0.03613554806207175
117.91869918699187,-0.03613554806207175
117.86178861788618,-0.050391326846199895
117.8048780487805,-0.050391326846199895
117.7479674796748,-0.04696993993800913
117.6910569105691,-0.034995085759341495
117.63414634146342,-0.020169075823848227
117.57723577235772,-0.020169075823848227
117.52032520325203,-0.03841647266753225
117.46341463414635,-0.03841647266753225
117.40650406504065,-0.011045377402006215
117.34959349593495,-0.011045377402006215
117.29268292682927,-0.025871387337499486
117.23577235772358,0.004350863684852181
117.17886178861788,0.004350863684852181
117.1219512195122,-0.004202603585624705
117.0650406504065,-0.004202603585624705
117.00813008130082,0.00035924562529630096
116.95121951219512,0.0014997079280265524
116.89430894308943,0.010623406349868567
116.83739837398375,0.0157554867121547
116.78048780487805,0.0157554867121547
116.72357723577235,0.0157554867121547
116.66666666666667,0.0032104013821219295
116.60975609756098,0.009482944047138312
116.55284552845528,0.009482944047138312
116.4959349593496,0.005491325987582433
116.4390243902439,-0.0036323724342595797
116.3821138211382,-0.0036323724342595797
116.32520325203252,0.03970519506948998
116.26829268292683,0.03970519506948998
116.21138211382114,0.00035924562529630096
116.15447154471545,-0.008764452796545712
116.09756097560975,-0.008764452796545712
116.04065040650407,0.002640170230756804
115.98373983739837,0.008912712895773188
115.92682926829268,0.008912712895773188
115.869918699187,-0.0036323724342595797
115.8130081300813,-0.0036323724342595797
115.7560975609756,0.034573114707203846
115.69918699186992,0.020317335923075705
115.64227642276423,0.015185255560789571
115.58536585365853,0.008912712895773188
115.52845528455285,0.008912712895773188
115.47154471544715,0.03685403931266435
115.41463414634147,0.0402754262208551
115.35772357723577,0.0402754262208551
115.30081300813008,0.03286242125310847
115.2439024390244,0.03286242125310847
115.1869918699187,0.03856473276675973
115.130081300813,0.04825866233996687
115.07317073170732,0.055671667307713495
115.01626016260163,0.024308953982631585
114.95934959349593,0.024308953982631585
114.90243902439025,0.012334099803963943
114.84552845528455,0.004350863684852181
114.78861788617886,-0.007053759342450334
114.73170731707317,-0.013326302007466716
114.67479674796748,-0.05210202030029527
114.6178861788618,-0.06407687447896292
114.5609756097561,-0.06407687447896292
114.5040650406504,-0.061795949873502405
114.44715447154472,-0.061795949873502405
114.39024390243902,-0.061795949873502405
114.33333333333333,-0.047540171089374264
114.27642276422765,-0.07548149750626543
114.21951219512195,-0.07776242211172593
114.16260162601625,-0.08346473362537718
114.10569105691057,-0.08802658283629819
114.04878048780488,-0.08802658283629819
113.99186991869918,-0.06863872368988393
113.9349593495935,-0.06863872368988393
113.8780487804878,-0.10741444198271247
113.82113821138212,-0.12338091422093599
113.76422764227642,-0.12509160767503136
113.70731707317073,-0.12338091422093599
113.65040650406505,-0.11938929616138011
113.59349593495935,-0.11767860270728474
113.53658536585365,-0.1393473864591595
113.47967479674797,-0.1433390045187154
113.42276422764228,-0.1393473864591595
113.36585365853658,-0.1518924717891923
113.3089430894309,-0.1518924717891923
113.2520325203252,-0.17983379820608345
113.1951219512195,-0.18667657202246496
113.13821138211382,-0.18667657202246496
113.08130081300813,-0.19351934583884645
113.02439024390245,-0.19351934583884645
112.96747967479675,-0.19351934583884645
112.91056910569105,-0.19294911468748135
112.85365853658537,-0.21290720498526072
112.79674796747967,-0.19922165735249772
112.73983739837398,-0.19351934583884645
112.6829268292683,-0.19351934583884645
112.6260162601626,-0.2208904411043725
112.5691056910569,-0.2208904411043725
112.51219512195122,-0.2208904411043725
112.45528455284553,-0.232295064131675
112.39837398373983,-0.23457598873713553
112.34146341463415,-0.26251731515402665
112.28455284552845,-0.26422800860812207
112.22764227642277,-0.27278147587859897
112.17073170731707,-0.2767730939381548
112.11382113821138,-0.31497858107961824
112.0569105691057,-0.28361586775453634
112.0,-0.28361586775453634
111.9430894308943,-0.332085515620572
111.88617886178862,-0.332085515620572
111.82926829268293,-0.332085515620572
111.77235772357723,-0.37086123391340053
111.71544715447155,-0.37086123391340053
111.65853658536585,-0.32866412871238126
111.60162601626017,-0.32866412871238126
111.54471544715447,-0.35717568628063756
111.48780487804878,-0.3685803093079401
111.4308943089431,-0.3685803093079401
111.3739837398374,-0.39994302263302195
111.3170731707317,-0.39994302263302195
111.26016260162602,-0.4005132537843871
111.20325203252033,-0.40735602760076867
111.14634146341463,-0.40849648990349885
111.08943089430895,-0.4278843490499131
111.03252032520325,-0.4307355048067388
110.97560975609755,-0.4307355048067388
110.91869918699187,-0.42161180638489676
110.86178861788618,-0.42161180638489676
110.8048780487805,-0.4529745197099787
110.7479674796748,-0.45753636892089966
110.6910569105691,-0.46608983619137656
110.63414634146342,-0.47179214770502786
110.57723577235772,-0.4740730723104884
110.52032520325203,-0.4740730723104884
110.46341463414635,-0.5139892529060471
110.40650406504065,-0.5139892529060471
110.34959349593495,-0.5094274036951262
110.29268292682927,-0.5094274036951262
110.23577235772358,-0.5099976348464913
110.17886178861788,-0.5231129513278892
110.1219512195122,-0.5231129513278892
110.0650406504065,-0.5162701775115077
110.00813008130082,-0.5162701775115077
109.95121951219512,-0.5248236447819845
109.89430894308943,-0.5425008104743034
109.83739837398375,-0.5425008104743034
109.78048780487805,-0.5732932926480202
109.72357723577235,-0.5755742172534807
109.66666666666667,-0.5755742172534807
109.60975609756098,-0.5755742172534807
109.55284552845528,-0.5641695942261783
109.4959349593496,-0.5641695942261783
109.4390243902439,-0.5641695942261783
109.3821138211382,-0.5938216140971647
109.32520325203252,-0.5938216140971647
109.26829268292683,-0.5601779761666223
109.21138211382114,-0.5601779761666223
109.15447154471545,-0.5875490714321484
109.09756097560975,-0.5807062976157669
109.04065040650407,-0.5807062976157669
108.98373983739837,-0.5807062976157669
108.92682926829268,-0.5567565892584315
108.869918699187,-0.5556161269557013
108.8130081300813,-0.5556161269557013
108.7560975609756,-0.5556161269557013
108.69918699186992,-0.5596077450152572
108.64227642276423,-0.5596077450152572
108.58536585365853,-0.5436412727770337
108.52845528455285,-0.5436412727770337
108.47154471544715,-0.5442115039283988
108.41463414634147,-0.5442115039283988
108.35772357723577,-0.5196915644196984
108.30081300813008,-0.5219724890251589
108.2439024390244,-0.5219724890251589
108.1869918699187,-0.49802278066782363
108.130081300813,-0.4923204691541723
108.07317073170732,-0.49403116260826774
108.01626016260163,-0.49403116260826774
107.95934959349593,-0.49403116260826774
107.90243902439025,-0.4752135346132186
107.84552845528455,-0.4752135346132186
107.78861788617886,-0.48376700188369554
107.73170731707317,-0.49175023800280726
107.67479674796748,-0.49175023800280726
107.6178861788618,-0.48034561497550476
107.5609756097561,-0.47065168540229757
107.5040650406504,-0.4620982181318207
107.44715447154472,-0.4529745197099787
107.39024390243902,-0.4472722081963274
107.33333333333333,-0.43415689171492955
107.27642276422765,-0.4221820375362619
107.21951219512195,-0.4221820375362619
107.16260162601625,-0.4261736555958178
107.10569105691057,-0.4261736555958178
107.04878048780488,-0.42104157523353164
106.99186991869918,-0.4107774145089594
106.9349593495935,-0.4107774145089594
106.8780487804878,-0.38568724384889386
106.82113821138212,-0.38568724384889386
106.76422764227642,-0.38169562578933797
106.70731707317073,-0.3868277061516241
106.65040650406505,-0.3959514045734661
106.59349593495935,-0.3959514045734661
106.53658536585365,-0.38511701269752874
106.47967479674797,-0.3737123896702262
106.42276422764228,-0.3605970731888283
106.36585365853658,-0.3520436059183515
106.3089430894309,-0.34862221901016066
106.2520325203252,-0.34862221901016066
106.1951219512195,-0.34862221901016066
106.13821138211382,-0.34862221901016066
106.08130081300813,-0.37998493233524255
106.02439024390245,-0.37998493233524255
105.96747967479675,-0.3628779977942888
105.91056910569105,-0.3628779977942888
105.85365853658537,-0.36915054045930523
105.79674796747967,-0.36915054045930523
105.73983739837398,-0.36915054045930523
105.6829268292683,-0.37656354542705184
105.6260162601626,-0.37656354542705184
105.5691056910569,-0.34919245016152584
105.51219512195122,-0.34919245016152584
105.45528455284553,-0.36572915355111446
105.39837398373983,-0.37713377657841696
105.34146341463415,-0.37713377657841696
105.28455284552845,-0.35717568628063756
105.22764227642277,-0.34976268131289096
105.17073170731707,-0.34919245016152584
105.11382113821138,-0.3235320483500952
105.0569105691057,-0.3235320483500952
105.0,-0.3337962090746674
104.9430894308943,-0.3337962090746674
104.88617886178862,-0.33550690252876275
104.82926829268293,-0.3303748221664767
104.77235772357723,-0.31212742532279264
104.71544715447155,-0.31212742532279264
104.65853658536585,-0.3178297368364439
104.60162601626017,-0.32068089259326954
104.54471544715447,-0.32068089259326954
104.48780487804878,-0.31497858107961824
104.4308943089431,-0.29159910387364807
104.3739837398374,-0.29159910387364807
104.3170731707317,-0.29159910387364807
104.26016260162602,-0.27506240048405944
104.20325203252033,-0.2539638478835498
104.14634146341463,-0.2431294560076124
104.08943089430895,-0.2431294560076124
104.03252032520325,-0.24598061176443803
103.97560975609755,-0.24598061176443803
103.91869918699187,-0.2294439083748494
103.86178861788618,-0.21917974765027712
103.8048780487805,-0.18895749662792544
103.7479674796748,-0.18895749662792544
103.6910569105691,-0.19351934583884645
103.63414634146342,-0.19351934583884645
103.57723577235772,-0.17755287360062294
103.52032520325203,-0.17584218014652755
103.46341463414635,-0.17128033093560655
103.40650406504065,-0.17128033093560655
103.34959349593495,-0.15759478330284354
103.29268292682927,-0.15303293409192253
103.23577235772358,-0.15303293409192253
103.17886178861788,-0.1615864013623994
103.1219512195122,-0.15645432100011328
103.0650406504065,-0.15645432100011328
103.00813008130082,-0.15588408984874816
102.95121951219512,-0.12965345688595237
102.89430894308943,-0.12965345688595237
102.83739837398375,-0.1387771553077944
102.78048780487805,-0.14390923567008052
102.72357723577235,-0.1387771553077944
102.66666666666667,-0.13535576839960364
102.60975609756098,-0.13535576839960364
102.55284552845528,-0.15132224063782715
102.4959349593496,-0.15132224063782715
102.4390243902439,-0.09030750744175871
102.3821138211382,-0.127942763431857
102.32520325203252,-0.127942763431857
102.26829268292683,-0.10855490428544273
102.21138211382114,-0.08973727629039358
102.15447154471545,-0.08973727629039358
102.09756097560975,-0.08973727629039358
102.04065040650407,-0.08289450247401207
101.98373983739837,-0.07719219096036081
101.92682926829268,-0.07662195980899568
101.869918699187,-0.07662195980899568
101.8130081300813,-0.09201820089585408
101.7560975609756,-0.09201820089585408
101.69918699186992,-0.06635779908442342
101.64227642276423,-0.06635779908442342
101.58536585365853,-0.058944794116676774
101.52845528455285,-0.058944794116676774
101.47154471544715,-0.07776242211172593
101.41463414634147,-0.08004334671718644
101.35772357723577,-0.08004334671718644
101.30081300813008,-0.0572341006625814
101.2439024390244,-0.031003467699785615
101.1869918699187,-0.028152311942959987
101.130081300813,-0.031003467699785615
101.07317073170732,-0.021879769277943606
101.01626016260163,-0.021879769277943606
100.95934959349593,0.004350863684852181
100.90243902439025,0.002640170230756804
100.84552845528455,-0.009334683947910836
100.78861788617886,-0.012756070856101592
100.73170731707317,-0.012756070856101592
100.67479674796748,-0.012756070856101592
100.6178861788618,-0.012185839704736466
100.5609756097561,-0.006483528191085208
100.5040650406504,0.008342481744408062
100.44715447154472,0.008342481744408062
100.39024390243902,0.0037806325334870557
100.33333333333333,0.0037806325334870557
100.27642276422765,0.0037806325334870557
100.21951219512195,-0.028722543094325113
100.16260162601625,-0.028722543094325113
100.10569105691057,-0.027011849640229735
100.04878048780488,-0.01446676431019697
99.99186991869918,-0.011045377402006215
99.9349593495935,-0.011045377402006215
99.8780487804878,-0.00762399049381546
99.82113821138212,-0.00762399049381546
99.76422764227642,-0.017888151218387723
99.70731707317073,-0.041267628424357876
99.65040650406505,-0.06350664332759778
99.59349593495935,-0.06350664332759778
99.53658536585365,-0.050391326846199895
99.47967479674797,-0.0526722514516604
99.42276422764228,-0.0549531760571209
99.36585365853658,-0.0549531760571209
99.3089430894309,-0.047540171089374264
99.2520325203252,-0.047540171089374264
99.1951219512195,-0.04925086454346964
99.13821138211382,-0.05153178914893015
99.08130081300813,-0.05153178914893015
99.02439024390245,-0.05381271375439065
98.96747967479675,-0.05381271375439065
98.91056910569105,-0.0794731155658213
98.85365853658537,-0.0794731155658213
98.79674796747967,-0.07890288441445618
98.73983739837398,-0.07890288441445618
98.6829268292683,-0.056663869511216276
98.6260162601626,-0.056663869511216276
98.5691056910569,-0.06065548757077216
98.51219512195122,-0.061795949873502405
98.45528455284553,-0.061795949873502405
98.39837398373983,-0.08289450247401207
98.34146341463415,-0.08289450247401207
98.28455284552845,-0.061225718722137286
98.22764227642277,-0.04354855302981839
98.17073170731707,-0.04069739727299276
98.11382113821138,-0.02758208079159486
98.0569105691057,-0.013326302007466716
98.0,-0.017317920067022596
97.9430894308943,-0.017317920067022596
97.88617886178862,0.004921094836217306
97.82926829268293,0.033432652404473594
97.77235772357723,0.033432652404473594
97.71544715447155,0.0020699390793916784
97.65853658536585,-0.0013514478287990764
97.60162601626017,-0.00762399049381546
97.54471544715447,-0.005913297039720083
97.48780487804878,-0.005913297039720083
97.4308943089431,-0.005913297039720083
97.3739837398374,-0.02359046273203898
97.3170731707317,-0.02359046273203898
97.26016260162602,-0.021879769277943606
97.20325203252033,-0.021879769277943606
97.14634146341463,-0.008194221645180586
97.08943089430895,-0.007053759342450334
97.03252032520325,0.008342481744408062
96.97560975609755,-0.007053759342450334
96.91869918699187,-0.03613554806207175
96.86178861788618,-0.03613554806207175
96.8048780487805,-0.026441618488864612
96.7479674796748,-0.026441618488864612
96.6910569105691,-0.024730925034769233
96.63414634146342,-0.024730925034769233
96.57723577235772,-0.0019216789801642022
96.52032520325203,-0.011045377402006215
96.46341463414635,-0.02359046273203898
96.40650406504065,-0.024160693883404107
96.34959349593495,-0.024160693883404107
96.29268292682927,-0.024160693883404107
96.23577235772358,-0.022450000429308732
96.17886178861788,-0.01446676431019697
96.1219512195122,0.01119363750123369
96.0650406504065,0.012904330955329068
96.00813008130082,0.02202802937717108
95.95121951219512,0.02202802937717108
95.89430894308943,0.01119363750123369
95.83739837398375,0.007772250593042936
95.78048780487805,0.012904330955329068
95.72357723577235,0.012904330955329068
95.66666666666667,0.012904330955329068
95.60975609756098,0.031151727799013096
95.55284552845528,0.0402754262208551
95.4959349593496,0.0402754262208551
95.4390243902439,0.05053958694542737
95.3821138211382,0.05053958694542737
95.32520325203252,0.05053958694542737
95.26829268292683,0.05053958694542737
95.21138211382114,0.06650605918365089
95.15447154471545,0.06707629033501601
95.09756097560975,0.06707629033501601
95.04065040650407,0.08931530523825591
94.98373983739837,0.09615807905463744
94.92682926829268,0.09615807905463744
94.869918699187,0.09615807905463744
94.8130081300813,0.09843900366009795
94.7560975609756,0.09843900366009795
94.69918699186992,0.09729854135736768
94.64227642276423,0.09387715444917694
94.58536585365853,0.09444738560054206
94.52845528455285,0.09387715444917694
94.47154471544715,0.09045576754098618
94.41463414634147,0.055671667307713495
94.35772357723577,0.04882889349133199
94.30081300813008,0.06194420997272988
94.2439024390244,0.06194420997272988
94.1869918699187,0.06194420997272988
94.130081300813,0.055671667307713495
94.07317073170732,0.026589878588092086
94.01626016260163,0.026589878588092086
93.95934959349593,0.043696813129045865
93.90243902439025,0.043696813129045865
93.84552845528455,0.04141588852358536
93.78861788617886,0.0037806325334870557
93.73170731707317,0.0037806325334870557
93.67479674796748,0.01632571786351982
93.6178861788618,0.019176873620345453
93.5609756097561,0.004350863684852181
93.5040650406504,0.00035924562529630096
93.44715447154472,-0.00762399049381546
93.39024390243902,-0.004772834736989831
93.33333333333333,-0.004772834736989831
93.27642276422765,0.013474562106694194
93.21951219512195,0.013474562106694194
93.16260162601625,0.005491325987582433
93.10569105691057,-0.004202603585624705
93.04878048780488,-0.004202603585624705
92.99186991869918,0.0032104013821219295
92.9349593495935,0.0032104013821219295
92.8780487804878,-0.00021098552606882483
92.82113821138212,-0.021879769277943606
92.76422764227642,-0.026441618488864612
92.70731707317073,-0.029863005397055366
92.65040650406505,-0.04639970878664401
92.59349593495935,-0.04811040224073939
92.53658536585365,-0.04639970878664401
92.47967479674797,-0.03613554806207175
92.42276422764228,-0.028152311942959987
92.36585365853658,-0.028152311942959987
92.3089430894309,-0.034995085759341495
92.2520325203252,-0.04982109569483477
92.1951219512195,-0.07148987944670955
92.13821138211382,-0.09600981895540996
92.08130081300813,-0.07377080405217004
92.02439024390245,-0.06008525641940703
91.96747967479675,-0.0572341006625814
91.91056910569105,-0.0572341006625814
91.85365853658537,-0.09543958780404482
91.79674796747967,-0.09829074356087046
91.73983739837398,-0.09543958780404482
91.6829268292683,-0.09372889434994945
91.6260162601626,-0.08574565823083768
91.5691056910569,-0.08574565823083768
91.51219512195122,-0.08175404017128181
91.45528455284553,-0.08175404017128181
91.39837398373983,-0.07890288441445618
91.34146341463415,-0.06863872368988393
91.28455284552845,-0.0703494171439793
91.22764227642277,-0.0703494171439793
91.17073170731707,-0.08460519592810745
91.11382113821138,-0.08460519592810745
91.0569105691057,-0.08232427132264694
91.0,-0.032714161153881
90.9430894308943,-0.032714161153881
90.88617886178862,-0.04183785957572301
90.82926829268293,-0.04183785957572301
90.77235772357723,-0.040127166121627623
90.71544715447155,-0.040127166121627623
90.65853658536585,-0.04069739727299276
90.60162601626017,-0.04069739727299276
90.54471544715447,-0.040127166121627623
90.48780487804878,-0.040127166121627623
90.4308943089431,-0.0526722514516604
90.3739837398374,-0.055523407208486024
90.3170731707317,-0.055523407208486024
90.26016260162602,-0.04696993993800913
90.20325203252033,-0.03670577921343687
90.14634146341463,-0.03670577921343687
90.08943089430895,-0.025871387337499486
90.03252032520325,-0.004772834736989831
89.97560975609755,-0.004772834736989831
89.91869918699187,-0.00762399049381546
89.86178861788618,-0.0024919101315293278
89.8048780487805,0.012904330955329068
89.7479674796748,0.012904330955329068
89.6910569105691,0.006631788290312684
89.63414634146342,-0.0024919101315293278
89.57723577235772,-0.0024919101315293278
89.52032520325203,0.006631788290312684
89.46341463414635,0.026589878588092086
89.40650406504065,0.027160109739457212
89.34959349593495,0.03400288355583872
89.29268292682927,0.043696813129045865
89.23577235772358,0.05966328536726938
89.17886178861788,0.05966328536726938
89.1219512195122,0.051680049248157625
89.0650406504065,0.0402754262208551
89.00813008130082,0.0402754262208551
88.95121951219512,0.06707629033501601
88.89430894308943,0.07905114451368365
88.83739837398375,0.07962137566504879
88.78048780487805,0.09501761675190717
88.72357723577235,0.09615807905463744
88.66666666666667,0.09615807905463744
88.60975609756098,0.09615807905463744
88.55284552845528,0.09501761675190717
88.4959349593496,0.09615807905463744
88.4390243902439,0.09843900366009795
88.3821138211382,0.10357108402238406
88.32520325203252,0.1417765711638475
88.26829268292683,0.1417765711638475
88.21138211382114,0.12010778741197273
88.15447154471545,0.12010778741197273
88.09756097560975,0.11383524474695633
88.04065040650407,0.10585200862784458
87.98373983739837,0.10585200862784458
87.92682926829268,0.13550402849883111
87.869918699187,0.1731392844889294
87.8130081300813,0.1731392844889294
87.7560975609756,0.1879652944244227
87.69918699186992,0.1879652944244227
87.64227642276423,0.1879652944244227
87.58536585365853,0.1640155860670874
87.52845528455285,0.1862546009703273
87.47154471544715,0.1862546009703273
87.41463414634147,0.19366760593807394
87.35772357723577,0.19366760593807394
87.30081300813008,0.22331962580906048
87.2439024390244,0.22731124386861634
87.1869918699187,0.22731124386861634
87.130081300813,0.22503031926315586
87.07317073170732,0.2170470831440441
87.01626016260163,0.20735315357083697
86.95934959349593,0.20735315357083697
86.90243902439025,0.20963407817629745
86.84552845528455,0.22959216847407687
86.78861788617886,0.22959216847407687
86.73170731707317,0.22959216847407687
86.67479674796748,0.22046847005223486
86.6178861788618,0.2062126912681067
86.5609756097561,0.2062126912681067
86.5040650406504,0.2238898569604256
86.44715447154472,0.2284517061713466
86.39024390243902,0.2284517061713466
86.33333333333333,0.2193280077495046
86.27642276422765,0.2193280077495046
86.21951219512195,0.22788147501998146
86.16260162601625,0.22788147501998146
86.10569105691057,0.20849361587356718
86.04878048780488,0.20849361587356718
85.99186991869918,0.20906384702493233
85.9349593495935,0.20906384702493233
85.8780487804878,0.20906384702493233
85.82113821138212,0.2016508420571857
85.76422764227642,0.2056424601167416
85.70731707317073,0.2056424601167416
85.65040650406505,0.20906384702493233
85.59349593495935,0.20906384702493233
85.53658536585365,0.20906384702493233
85.47967479674797,0.23700517344182348
85.42276422764228,0.23700517344182348
85.36585365853658,0.23358378653363274
85.3089430894309,0.23358378653363274
85.2520325203252,0.20393176666264623
85.1951219512195,0.20336153551128108
85.13821138211382,0.19651876169489957
85.08130081300813,0.19651876169489957
85.02439024390245,0.20051037975445543
84.96747967479675,0.2079233847222021
84.91056910569105,0.21134477163039284
84.85365853658537,0.2124852339331231
84.79674796747967,0.2124852339331231
84.73983739837398,0.2062126912681067
84.6829268292683,0.20336153551128108
84.6260162601626,0.17656067139712014
84.5691056910569,0.17656067139712014
84.51219512195122,0.18967598787851808
84.45528455284553,0.18967598787851808
84.39837398373983,0.15660258109934075
84.34146341463415,0.15660258109934075
84.28455284552845,0.15660258109934075
84.22764227642277,0.15147050073705465
84.17073170731707,0.15147050073705465
84.11382113821138,0.16287512376435714
84.0569105691057,0.19024621902988317
84.0,0.19024621902988317
83.9430894308943,0.1417765711638475
83.88617886178862,0.166866741823913
83.82926829268293,0.17427974679165967
83.77235772357723,0.1794118271539458
83.71544715447155,0.1794118271539458
83.65853658536585,0.15318119419115
83.60162601626017,0.14462772692067313
83.54471544715447,0.14462772692067313
83.48780487804878,0.14462772692067313
83.4308943089431,0.14747888267749876
83.3739837398374,0.15033003843432438
83.3170731707317,0.15717281225070587
83.26016260162602,0.15717281225070587
83.20325203252033,0.13778495310429162
83.14634146341463,0.16743697297527815
83.08943089430895,0.16743697297527815
83.03252032520325,0.16230489261299202
82.97560975609755,0.1509002695856895
82.91869918699187,0.1509002695856895
82.86178861788618,0.1463384203747685
82.8048780487805,0.1463384203747685
82.7479674796748,0.13835518425565674
82.6910569105691,0.13778495310429162
82.63414634146342,0.12295894316879834
82.57723577235772,0.12295894316879834
82.52032520325203,0.11782686280651221
82.46341463414635,0.11782686280651221
82.40650406504065,0.10129015941692356
82.34959349593495,0.08532368717870004
82.29268292682927,0.08532368717870004
82.23577235772358,0.08304276257323953
82.17886178861788,0.08247253142187441
82.1219512195122,0.08247253142187441
82.0650406504065,0.08703438063279541
82.00813008130082,0.09501761675190717
81.95121951219512,0.10585200862784458
81.89430894308943,0.10585200862784458
81.83739837398375,0.0910259986923513
81.78048780487805,0.04483727543177611
81.72357723577235,0.03229219010174334
81.66666666666667,0.04198611967495048
81.60975609756098,0.04198611967495048
81.55284552845528,0.04198611967495048
81.4959349593496,0.03742427046402948
81.4390243902439,0.04939912464269712
81.3821138211382,0.04939912464269712
81.32520325203252,0.04939912464269712
81.26829268292683,0.052250280399522744
81.21138211382114,0.047118200037236616
81.15447154471545,0.04540750658314124
81.09756097560975,0.04540750658314124
81.04065040650407,0.034573114707203846
80.98373983739837,0.03286242125310847
80.92682926829268,0.03913496391812485
80.869918699187,0.03913496391812485
80.8130081300813,0.033432652404473594
80.7560975609756,0.026589878588092086
80.69918699186992,0.026589878588092086
80.64227642276423,0.03514334585856897
80.58536585365853,0.03514334585856897
80.52845528455285,0.017466180166250074
80.47154471544715,0.01632571786351982
80.41463414634147,0.017466180166250074
80.35772357723577,0.02202802937717108
80.30081300813008,0.03742427046402948
80.2439024390244,0.0379945016153946
80.1869918699187,0.04768843118860174
80.130081300813,0.010623406349868567
80.07317073170732,0.010623406349868567
80.01626016260163,0.010623406349868567
79.95934959349593,0.012334099803963943
79.90243902439025,0.05110981809679249
79.84552845528455,0.05966328536726938
79.78861788617886,0.05966328536726938
79.73170731707317,0.05966328536726938
79.67479674796748,0.054531205004983256
79.6178861788618,0.054531205004983256
79.5609756097561,0.08760461178416054
79.5040650406504,0.08760461178416054
79.44715447154472,0.05909305421590426
79.39024390243902,0.03742427046402948
79.33333333333333,0.03742427046402948
79.27642276422765,0.07619998875685803
79.21951219512195,0.07619998875685803
79.16260162601625,0.06251444112409502
79.10569105691057,0.06194420997272988
79.04878048780488,0.06194420997272988
78.99186991869918,0.07049767724320677
78.9349593495935,0.07163813954593702
78.8780487804878,0.09558784790327231
78.82113821138212,0.09900923481146305
78.76422764227642,0.09900923481146305
78.70731707317073,0.09672831020600255
78.65040650406505,0.08247253142187441
78.59349593495935,0.07448929530276265
78.53658536585365,0.07448929530276265
78.47967479674797,0.07448929530276265
78.42276422764228,0.08532368717870004
78.36585365853658,0.06764652148638114
78.3089430894309,0.07905114451368365
78.2520325203252,0.07905114451368365
78.1951219512195,0.07905114451368365
78.13821138211382,0.07962137566504879
78.08130081300813,0.07848091336231854
78.02439024390245,0.07962137566504879
77.96747967479675,0.08817484293552567
77.91056910569105,0.09444738560054206
77.85365853658537,0.09558784790327231
77.79674796747967,0.10813293323330508
77.73983739837398,0.13379333504473573
77.6829268292683,0.13607425965019623
77.6260162601626,0.13607425965019623
77.5691056910569,0.1223887120174332
77.51219512195122,0.1223887120174332
77.45528455284553,0.13550402849883111
77.39837398373983,0.1400658777097521
77.34146341463415,0.14690865152613364
77.28455284552845,0.1640155860670874
77.22764227642277,0.20735315357083697
77.17073170731707,0.20735315357083697
77.11382113821138,0.1731392844889294
77.0569105691057,0.1731392844889294
77.0,0.17542020909438993
76.9430894308943,0.17542020909438993
76.88617886178862,0.17542020909438993
76.82926829268293,0.17427974679165967
76.77235772357723,0.17427974679165967
76.71544715447155,0.20051037975445543
76.65853658536585,0.20051037975445543
76.60162601626017,0.19024621902988317
76.54471544715447,0.1816927517594063
76.48780487804878,0.17142859103483402
76.4308943089431,0.17142859103483402
76.3739837398374,0.1879652944244227
76.3170731707317,0.1879652944244227
76.26016260162602,0.18055228945667604
76.20325203252033,0.17370951564029455
76.14634146341463,0.1731392844889294
76.08943089430895,0.16116443031026179
76.03252032520325,0.16116443031026179
75.97560975609755,0.19138668133261344
75.91869918699187,0.19594853054353445
75.86178861788618,0.20678292241947183
75.8048780487805,0.20678292241947183
75.7479674796748,0.18226298291077142
75.6910569105691,0.17884159600258068
75.63414634146342,0.17884159600258068
75.57723577235772,0.20678292241947183
75.52032520325203,0.20678292241947183
75.46341463414635,0.19765922399762983
75.40650406504065,0.18739506327305755
75.34959349593495,0.18682483212169243
75.29268292682927,0.18682483212169243
75.23577235772358,0.18511413866759707
75.17886178861788,0.1845439075162319
75.1219512195122,0.1834034452135017
75.0650406504065,0.1834034452135017
75.00813008130082,0.19936991745172522
74.95121951219512,0.20507222896537644
74.89430894308943,0.20507222896537644
74.83739837398375,0.19765922399762983
74.78048780487805,0.18226298291077142
74.72357723577235,0.18226298291077142
74.66666666666667,0.21134477163039284
74.60975609756098,0.21134477163039284
74.55284552845528,0.19879968630036005
74.4959349593496,0.19195691248397856
74.4390243902439,0.19138668133261344
74.3821138211382,0.1862546009703273
74.32520325203252,0.18226298291077142
74.26829268292683,0.17142859103483402
74.21138211382114,0.20336153551128108
74.15447154471545,0.20336153551128108
74.09756097560975,0.19594853054353445
74.04065040650407,0.1834034452135017
73.98373983739837,0.16914766642937354
73.92682926829268,0.16914766642937354
73.869918699187,0.20450199781401132
73.8130081300813,0.20735315357083697
73.7560975609756,0.20735315357083697
73.69918699186992,0.20279130435991596
73.64227642276423,0.18853552557578782
73.58536585365853,0.17656067139712014
73.52845528455285,0.1662965106725479
73.47154471544715,0.1662965106725479
73.41463414634147,0.14405749576930799
73.35772357723577,0.14405749576930799
73.30081300813008,0.14405749576930799
73.2439024390244,0.1223887120174332
73.1869918699187,0.1223887120174332
73.130081300813,0.1286612546824496
73.07317073170732,0.1286612546824496
73.01626016260163,0.12067801856333783
72.95934959349593,0.12067801856333783
72.90243902439025,0.13037194813654499
72.84552845528455,0.1372147219529265
72.78861788617886,0.1400658777097521
72.73170731707317,0.1400658777097521
72.67479674796748,0.1326528727420055
72.6178861788618,0.1326528727420055
72.5609756097561,0.14576818922340337
72.5040650406504,0.16743697297527815
72.44715447154472,0.18739506327305755
72.39024390243902,0.18739506327305755
72.33333333333333,0.18739506327305755
72.27642276422765,0.18739506327305755
72.21951219512195,0.21647685199267896
72.16260162601625,0.21647685199267896
72.10569105691057,0.23358378653363274
72.04878048780488,0.25753349489096805
71.99186991869918,0.26836788676690543
71.9349593495935,0.2957389820324315
71.8780487804878,0.2991603689406222
71.82113821138212,0.30885429851382934
71.76422764227642,0.3288123888116088
71.70731707317073,0.35504302177440455
71.65040650406505,0.3789927301317398
71.59349593495935,0.3789927301317398
71.53658536585365,0.39096758431040746
71.47967479674797,0.40522336309453566
71.42276422764228,0.40522336309453566
71.36585365853658,0.3972401269754238
71.3089430894309,0.44856093059828517
71.2520325203252,0.4645274028365087
71.1951219512195,0.48448549313428807
71.13821138211382,0.5061542768861629
71.08130081300813,0.5181291310648305
71.02439024390245,0.5563346182062939
70.96747967479675,0.5991019545586783
70.91056910569105,0.615638657948267
70.85365853658537,0.6241921252187439
70.79674796747967,0.6293242055810301
70.73983739837398,0.6487120647274444
70.6829268292683,0.6646785369656678
70.6260162601626,0.6931900945339242
70.5691056910569,0.7068756421666872
70.51219512195122,0.733676506280848
70.45528455284553,0.7581964457895485
70.39837398373983,0.7593369080922787
70.34146341463415,0.7593369080922787
70.28455284552845,0.8049554002014888
70.22764227642277,0.8055256313528538
70.17073170731707,0.8163600232287913
70.11382113821138,0.8443013496456824
70.0569105691057,0.8505738923106988
70.0,0.8614082841866363
69.9430894308943,0.8882091483007971
69.88617886178862,0.9252741731395303
69.82926829268293,0.9298360223504514
69.77235772357723,0.9338276404100072
69.71544715447155,0.950934574950961
69.65853658536585,0.9914209866978849
69.60162601626017,0.9959828359088059
69.54471544715447,1.0125195392983946
69.48780487804878,1.0159409262065853
69.4308943089431,1.027915780385253
69.3739837398374,1.032477629596174
69.3170731707317,1.068972423283542
69.26016260162602,1.0729640413430979
69.20325203252033,1.1083183727277357
69.14634146341463,1.145953628717834
69.08943089430895,1.154507095988311
69.03252032520325,1.154507095988311
68.97560975609755,1.1813079601024719
68.91869918699187,1.2377608440876193
68.86178861788618,1.267412863958606
68.8048780487805,1.267412863958606
68.7479674796748,1.2548677786285731
68.6910569105691,1.2548677786285731
68.63414634146342,1.269123557412701
68.57723577235772,1.2936434969214017
68.52032520325203,1.3067588134027994
68.46341463414635,1.3067588134027994
68.40650406504065,1.3067588134027994
68.34959349593495,1.3050481199487038
68.29268292682927,1.3101802003109901
68.23577235772358,1.3272871348519442
68.17886178861788,1.37689724502071
68.1219512195122,1.4253668928867456
68.0650406504065,1.4253668928867456
68.00813008130082,1.419094350221729
67.95121951219512,1.4031278779835057
67.89430894308943,1.4031278779835057
67.83739837398375,1.4287882797949365
67.78048780487805,1.4322096667031272
67.72357723577235,1.4379119782167782
67.66666666666667,1.467563998087765
67.60975609756098,1.4858113949314489
67.55284552845528,1.4858113949314489
67.4959349593496,1.5017778671696724
67.4390243902439,1.5029183294724027
67.3821138211382,1.5114717967428797
67.32520325203252,1.53599173625158
67.26829268292683,1.53599173625158
67.21138211382114,1.5183145705592611
67.15447154471545,1.5183145705592611
67.09756097560975,1.5616521380630106
67.04065040650407,1.5844613841176156
66.98373983739837,1.5844613841176156
66.92682926829268,1.576478147998504
66.869918699187,1.6198157155022535
66.8130081300813,1.6277989516213653
66.7560975609756,1.6642937453087332
66.69918699186992,1.6642937453087332
66.64227642276423,1.6671449010655588
66.58536585365853,1.6671449010655588
66.52845528455285,1.6905243782715291
66.47154471544715,1.7344321769266438
66.41463414634147,1.7572414229812487
66.35772357723577,1.7606628098894395
66.30081300813008,1.7823315936413142
66.2439024390244,1.804570608544554
66.1869918699187,1.8319417038100805
66.130081300813,1.890105281249323
66.07317073170732,1.9385749291153587
66.01626016260163,1.9516902455967566
65.95934959349593,1.9648055620781544
65.90243902439025,1.9705078735918058
65.84552845528455,1.9722185670459011
65.78861788617886,1.9841934212245689
65.73170731707317,2.0235393706687623
65.67479674796748,2.0497700036315583
65.6178861788618,2.0566127774479397
65.5609756097561,2.0634555512643216
65.5040650406504,2.1033717318598804
65.44715447154472,2.1124954302817223
65.39024390243902,2.1820636307482677
65.33333333333333,2.2077240325596983
65.27642276422765,2.21684773098154
65.21951219512195,2.21684773098154
65.16260162601625,2.21570726867881
65.10569105691057,2.21570726867881
65.04878048780488,2.2271118917061123
64.99186991869918,2.286415931448085
64.9349593495935,2.2915480118103715
64.8780487804878,2.3001014790808485
64.82113821138212,2.319489338227263
64.76422764227642,2.325761880892279
64.70731707317073,2.333174885860026
64.65040650406505,2.37366129760695
64.59349593495935,2.419850020867525
64.53658536585365,2.4204202520188898
64.47967479674797,2.425552332381176
64.42276422764228,2.451212734192607
64.36585365853658,2.4637578195226397
64.3089430894309,2.487707527879975
64.2520325203252,2.4951205328477215
64.1951219512195,2.5173595477509614
64.13821138211382,2.5219213969618828
64.08130081300813,2.541309256108297
64.02439024390245,2.5538543414383295
63.96747967479675,2.5698208136765532
63.91056910569106,2.5937705220338882
63.853658536585364,2.6023239893043653
63.796747967479675,2.6456615568081148
63.739837398373986,2.6616280290463386
63.68292682926829,2.677024270133197
63.6260162601626,2.6952716669768804
63.56910569105691,2.719791606485581
63.51219512195122,2.752865013264758
63.45528455284553,2.7585673247784097
63.39837398373984,2.765410098594791
63.34146341463415,2.78194680198438
63.28455284552845,2.8173011333690177
63.22764227642276,2.8583577762673067
63.170731707317074,2.888009796138293
63.113821138211385,2.8937121076519445
63.05691056910569,2.9085381175874376
63.0,2.9216534340688356
62.94308943089431,2.9552970719993783
62.886178861788615,3.0077583379249697
62.829268292682926,3.0408317447041466
62.77235772357724,3.0408317447041466
62.71544715447155,3.0419722070068773
62.65853658536585,3.0510959054287192
62.60162601626016,3.064211221910117
62.54471544715447,3.109829714019327
62.48780487804878,3.1326389600739324
62.43089430894309,3.1811086079399677
62.3739837398374,3.2204545573841616
62.31707317073171,3.230148486957369
62.260162601626014,3.230148486957369
62.203252032520325,3.2387019542278455
62.146341463414636,3.2444042657414967
62.08943089430894,3.270634898704293
62.03252032520325,3.282039521731595
61.97560975609756,3.2888822955479764
61.91869918699187,3.2888822955479764
61.86178861788618,3.3259473203867094
61.80487804878049,3.365863500982269
61.7479674796748,3.4228866161187814
61.6910569105691,3.4394233195083697
61.63414634146341,3.4553897917465934
61.577235772357724,3.471356263984817
61.520325203252035,3.5055701330667244
61.46341463414634,3.5192556806994872
61.40650406504065,3.562593248203237
61.34959349593496,3.580840645046921
61.292682926829265,3.613914051826098
61.235772357723576,3.6293102929129564
61.17886178861789,3.637863760183434
61.1219512195122,3.691465488411755
61.0650406504065,3.7131342721636305
61.00813008130081,3.7131342721636305
60.951219512195124,3.7142747344663603
60.89430894308943,3.761603920029666
60.83739837398374,3.7775703922678896
60.78048780487805,3.8186270351661786
60.72357723577236,3.839155356615323
60.666666666666664,3.8425767435235136
60.609756097560975,3.8722287633945003
60.552845528455286,3.918987717806441
60.49593495934959,3.929822109682378
60.4390243902439,3.945788581920602
60.38211382113821,3.9959689232407327
60.32520325203252,3.9971093855434625
60.26829268292683,4.017637706992607
60.21138211382114,4.047859958014959
60.15447154471545,4.09804029933509
60.09756097560975,4.115147233876044
60.040650406504064,4.129403012660172
59.983739837398375,4.133964861871093
59.926829268292686,4.149361102957951
59.86991869918699,4.156774107925698
59.8130081300813,4.167608499801635
59.75609756097561,4.184715434342589
59.699186991869915,4.196120057369892
59.642276422764226,4.2377469314195455
59.58536585365854,4.2377469314195455
59.52845528455285,4.243449242933197
59.47154471544715,4.263977564382341
59.41463414634146,4.291918890799233
59.357723577235774,4.32727322218387
59.300813008130085,4.371181020838986
59.24390243902439,4.3740321765958114
59.1869918699187,4.3740321765958114
59.13008130081301,4.371751251990351
59.073170731707314,4.362057322417144
59.016260162601625,4.371751251990351
58.959349593495936,4.372891714293081
58.90243902439025,4.408816276829084
58.84552845528455,4.432195754035054
58.78861788617886,4.453864537786929
58.73170731707317,4.469260778873787
58.67479674796748,4.474963090387438
58.61788617886179,4.531986205523951
58.5609756097561,4.535977823583506
58.50406504065041,4.541680135097158
58.447154471544714,4.57304284842224
58.390243902439025,4.599843712536401
58.333333333333336,4.6015544059904965
58.27642276422764,4.623223189742371
58.21951219512195,4.655156134218818
58.16260162601626,4.6619989080352
58.10569105691057,4.6865188475439
58.048780487804876,4.730426646199015
57.99186991869919,4.745822887285873
57.9349593495935,4.754946585707716
57.8780487804878,4.789730685940988
57.82113821138211,4.806267389330576
57.764227642276424,4.834208715747468
57.707317073170735,4.840481258412484
57.65040650406504,4.842762183017944
57.59349593495935,4.847894263380231
57.53658536585366,4.9049173785167435
57.479674796747965,4.9419824033554764
57.422764227642276,4.9419824033554764
57.36585365853659,4.9419824033554764
57.3089430894309,4.960800031350526
57.2520325203252,4.994443669281067
57.19512195121951,5.009269679216561
57.13821138211382,5.009269679216561
57.08130081300813,5.02808730721161
57.02439024390244,5.04918585981212
56.96747967479675,5.065722563201708
56.91056910569106,5.065722563201708
56.853658536585364,5.075986723926281
56.796747967479675,5.0982257388295205
56.739837398373986,5.137571688273715
56.68292682926829,5.159810703176954
56.6260162601626,5.159810703176954
56.56910569105691,5.158100009722859
56.51219512195122,5.1957352657129565
56.45528455284553,5.1957352657129565
56.39837398373984,5.179198562323369
56.34146341463415,5.179198562323369
56.28455284552845,5.170074863901527
56.22764227642276,5.179198562323369
56.170731707317074,5.179198562323369
56.113821138211385,5.202007808377974
56.05691056910569,5.202007808377974
56.0,5.193454341107497
55.94308943089431,5.193454341107497
55.886178861788615,5.231089597097594
55.829268292682926,5.241923988973533
55.77235772357724,5.267584390784963
55.71544715447155,5.267584390784963
55.65853658536585,5.274427164601345
55.60162601626016,5.278989013812266
55.54471544715447,5.282980631871821
55.48780487804878,5.282980631871821
55.43089430894309,5.275567626904074
55.3739837398374,5.275567626904074
55.31707317073171,5.289253174536838
55.260162601626014,5.328028892829667
55.203252032520325,5.328028892829667
55.146341463414636,5.334871666646048
55.08943089430894,5.335441897797413
55.03252032520325,5.346846520824716
54.97560975609756,5.346846520824716
54.91869918699187,5.328028892829667
54.86178861788618,5.328028892829667
54.80487804878049,5.331450279737857
54.7479674796748,5.34513582737062
54.6910569105691,5.366804611122495
54.63414634146341,5.382771083360718
54.577235772357724,5.382771083360718
54.520325203252035,5.389613857177101
54.46341463414634,5.39189478178256
54.40650406504065,5.422687263956277
54.34959349593496,5.422687263956277
54.292682926829265,5.422687263956277
54.235772357723576,5.427249113167198
54.17886178861789,5.442075123102692
54.1219512195122,5.455190439584089
54.0650406504065,5.455190439584089
54.00813008130081,5.455190439584089
53.951219512195124,5.455190439584089
53.89430894308943,5.487123384060537
53.83739837398374,5.520196790839714
53.78048780487805,5.520196790839714
53.72357723577236,5.511073092417872
53.666666666666664,5.511073092417872
53.609756097560975,5.5270395646560955
53.552845528455286,5.5641045894948284
53.49593495934959,5.565815282948924
53.4390243902439,5.565815282948924
53.38211382113821,5.585203142095338
53.32520325203252,5.601169614333562
53.26829268292683,5.605161232393118
53.21138211382114,5.605161232393118
53.15447154471545,5.605161232393118
53.09756097560975,5.628540709599087
53.040650406504064,5.677580588616489
52.983739837398375,5.702100528125189
52.926829268292686,5.731752547996175
52.86991869918699,5.731752547996175
52.8130081300813,5.7374548595098265
52.75609756097561,5.757983180958972
52.699186991869915,5.787635200829958
52.642276422764226,5.794477974646339
52.58536585365854,5.794477974646339
52.52845528455285,5.789916125435418
52.47154471544715,5.787635200829958
52.41463414634146,5.789916125435418
52.357723577235774,5.791056587738148
52.300813008130085,5.831542999485072
52.24390243902439,5.831542999485072
52.1869918699187,5.831542999485072
52.13008130081301,5.842377391361009
52.073170731707314,5.879442416199743
52.016260162601625,5.874880566988822
51.959349593495936,5.874880566988822
51.90243902439025,5.91365628528165
51.84552845528455,5.959274777390861
51.78861788617886,5.959274777390861
51.73170731707317,5.959274777390861
51.67479674796748,5.983224485748196
51.61788617886179,5.999761189137785
51.5609756097561,6.006033731802801
51.50406504065041,6.018008585981469
51.447154471544714,6.059065228879758
51.390243902439025,6.082444706085728
51.333333333333336,6.080734012631633
51.27642276422764,6.080734012631633
51.21951219512195,6.103543258686238
51.16260162601626,6.109245570199889
51.10569105691057,6.130344122800398
51.048780487804876,6.144029670433161
50.99186991869919,6.149731981946813
50.9349593495935,6.195920705207389
50.8780487804878,6.195920705207389
50.82113821138211,6.193639780601927
50.764227642276424,6.1924993182991965
50.707317073170735,6.193639780601927
50.65040650406504,6.205614634780595
50.59349593495935,6.238117810408407
50.53658536585366,6.254654513797996
50.479674796747965,6.266059136825298
50.422764227642276,6.278604222155332
50.36585365853659,6.294570694393554
50.3089430894309,6.3025539305126665
50.2520325203252,6.303124161664031
50.19512195121951,6.309396704329047
50.13821138211382,6.326503638870002
50.08130081300813,6.332205950383653
50.02439024390244,6.354444965286893
49.96747967479675,6.390369527822895
49.91056910569106,6.390369527822895
49.853658536585364,6.3886588343688
49.796747967479675,6.418881085391152
49.739837398373986,6.418881085391152
49.68292682926829,6.417740623088422
49.6260162601626,6.4154596984829615
49.56910569105691,6.4154596984829615
49.51219512195122,6.425723859207533
49.45528455284553,6.433707095326646
49.39837398373984,6.446252180656678
49.34146341463415,6.492440903917253
49.28455284552845,6.493011135068619
49.22764227642276,6.493011135068619
49.170731707317074,6.493011135068619
49.113821138211385,6.536348702572368
49.05691056910569,6.536348702572368
49.0,6.536348702572368
48.94308943089431,6.547753325599671
48.886178861788615,6.552315174810592
48.829268292682926,6.5671411847460845
48.77235772357724,6.5717030339570055
48.71544715447155,6.586529043892499
48.65853658536585,6.59451228001161
48.60162601626016,6.605346671887548
48.54471544715447,6.620172681823042
48.48780487804878,6.636139154061265
48.43089430894309,6.6321475360017095
48.3739837398374,6.6321475360017095
48.31707317073171,6.645833083634472
48.260162601626014,6.660659093569965
48.203252032520325,6.660659093569965
48.146341463414636,6.645833083634472
48.08943089430894,6.645833083634472
48.03252032520325,6.6538163197535845
47.97560975609756,6.6538163197535845
47.91869918699187,6.6538163197535845
47.86178861788618,6.6600888624186005
47.80487804878049,6.666931636234981
47.7479674796748,6.666931636234981
47.6910569105691,6.636139154061265
47.63414634146341,6.636139154061265
47.577235772357724,6.632717767153074
47.520325203252035,6.639560540969455
47.46341463414634,6.677195796959554
47.40650406504065,6.677195796959554
47.34959349593496,6.667501867386347
47.292682926829265,6.658378168964505
47.235772357723576,6.658378168964505
47.17886178861789,6.68574926423003
47.1219512195122,6.68574926423003
47.0650406504065,6.68574926423003
47.00813008130081,6.72794636943105
46.951219512195124,6.72794636943105
46.89430894308943,6.720533364463304
46.83739837398374,6.746193766274734
46.78048780487805,6.748474690880195
46.72357723577236,6.762730469664323
46.666666666666664,6.762730469664323
46.609756097560975,6.823745202860391
46.552845528455286,6.823745202860391
46.49593495934959,6.823745202860391
46.4390243902439,6.832298670130868
46.38211382113821,6.861950690001854
46.32520325203252,6.885330167207824
46.26829268292683,6.889892016418745
46.21138211382114,6.916692880532907
46.15447154471545,6.949766287312084
46.09756097560975,6.979418307183071
46.040650406504064,6.979418307183071
45.983739837398375,7.037581884622313
45.926829268292686,7.037581884622313
45.86991869918699,7.037581884622313
45.8130081300813,7.047275814195521
45.75609756097561,7.06837436679603
45.699186991869915,7.079778989823333
45.642276422764226,7.099166848969747
45.58536585365854,7.100877542423842
45.52845528455285,7.147066265684418
45.47154471544715,7.147066265684418
45.41463414634146,7.1972466070045495
45.357723577235774,7.1972466070045495
45.300813008130085,7.206940536577756
45.24390243902439,7.206940536577756
45.1869918699187,7.228609320329631
45.13008130081301,7.24628648602195
45.073170731707314,7.249137641778775
45.016260162601625,7.27194688783338
44.959349593495936,7.300458445401636
44.90243902439025,7.315284455337129
44.84552845528455,7.315284455337129
44.78861788617886,7.315284455337129
44.73170731707317,7.338093701391735
44.67479674796748,7.338093701391735
44.61788617886179,7.399678665739168
44.5609756097561,7.399678665739168
44.50406504065041,7.404810746101455
44.447154471544714,7.407091670706915
44.390243902439025,7.419636756036947
44.333333333333336,7.42761999215606
44.27642276422764,7.448718544756569
44.21951219512195,7.49433703686578
44.16260162601626,7.537674604369529
44.10569105691057,7.537674604369529
44.048780487804876,7.517146282920384
43.99186991869919,7.517146282920384
43.9349593495935,7.566186161937785
43.8780487804878,7.581012171873278
43.82113821138211,7.6009702621710575
43.764227642276424,7.644878060826173
43.707317073170735,7.679662161059445
43.65040650406504,7.703041638265415
43.59349593495935,7.730412733530942
43.53658536585366,7.7834442306078975
43.479674796747965,7.787435848667454
43.422764227642276,7.805683245511139
43.36585365853659,7.851301737620347
43.3089430894309,7.871259827918127
43.2520325203252,7.879813295188605
43.19512195121951,7.940257797233308
43.13821138211382,7.961356349833817
43.08130081300813,7.973331204012485
43.02439024390244,8.012677153456679
42.96747967479675,8.066278881685001
42.91056910569106,8.084526278528685
42.853658536585364,8.097071363858717
42.796747967479675,8.097071363858717
42.739837398373986,8.1529540166925
42.68292682926829,8.19857250880171
42.6260162601626,8.219100830250854
42.56910569105691,8.225943604067236
42.51219512195122,8.248752850121841
42.45528455284553,8.342270758945721
42.39837398373984,8.373633472270804
42.34146341463415,8.422103120136839
42.28455284552845,8.422103120136839
42.22764227642276,8.422103120136839
42.170731707317074,8.449474215402365
42.113821138211385,8.468291843397413
42.05691056910569,8.503075943630687
42.0,8.525885189685292
41.94308943089431,8.55895859646447
41.886178861788615,8.610849631238695
41.829268292682926,8.659319279104732
41.77235772357724,8.662740666012922
41.71544715447155,8.72717678611718
41.65853658536585,8.748275338717692
41.60162601626016,8.787051057010519
41.54471544715447,8.820124463789696
41.48780487804878,8.863462031293446
41.43089430894309,8.887981970802146
41.3739837398374,8.899956824980814
41.31707317073171,8.931319538305896
41.260162601626014,8.975797568112377
41.203252032520325,9.033961145551618
41.146341463414636,9.080720099963559
41.08943089430894,9.120636280559118
41.03252032520325,9.154850149641025
40.97560975609756,9.244946671556715
40.91869918699187,9.309953022812339
40.86178861788618,9.370397524857044
40.80487804878049,9.388074690549361
40.7479674796748,9.426280177690826
40.6910569105691,9.477600981313687
40.63414634146341,9.507823232336039
40.577235772357724,9.56028449826163
40.520325203252035,9.615596919944046
40.46341463414634,9.660074949750527
40.40650406504065,9.701131592648816
40.34959349593496,9.777542566931743
40.292682926829265,9.867068857696067
40.235772357723576,9.91838966131893
40.17886178861789,9.986817399482744
40.1219512195122,10.078054383701163
40.0650406504065,10.148192815319074
40.00813008130081,10.2000838500933
39.951219512195124,10.255396271775718
39.89430894308943,10.351765336356426
39.83739837398374,10.409358682644301
39.78048780487805,10.432738159850272
39.72357723577236,10.497744511105896
39.666666666666664,10.556478319696504
39.609756097560975,10.633459525130796
39.552845528455286,10.713862117473278
39.49593495934959,10.811941875508081
39.4390243902439,10.853568749557736
39.38211382113821,10.964763824073934
39.32520325203252,10.994415843944921
39.26829268292683,11.05885196404918
39.21138211382114,11.130701089121185
39.15447154471545,11.205401369950017
39.09756097560975,11.275539801567927
39.040650406504064,11.348529388942664
38.983739837398375,11.37361955960273
38.926829268292686,11.427221287831053
38.86991869918699,11.526441508168583
38.8130081300813,11.605703638208336
38.75609756097561,11.69408946666993
38.699186991869915,11.753393506411904
38.642276422764226,11.830374711846195
38.58536585365854,11.92104146491325
38.52845528455285,11.95525533399516
38.47154471544715,12.012848680283035
38.41463414634146,12.059607634694975
38.357723577235774,12.128035372858792
38.300813008130085,12.185058487995303
38.24390243902439,12.227825824347688
38.1869918699187,12.295683331360138
38.13008130081301,12.375515692551255
38.073170731707314,12.449075511077357
38.016260162601625,12.566543128258575
37.959349593495936,12.648086182903786
37.90243902439025,12.677167971623406
37.84552845528455,12.740463629424935
37.78861788617886,12.828279226735166
37.73170731707317,12.903549738715363
37.67479674796748,12.950308693127301
37.61788617886179,13.005050883658354
37.5609756097561,13.12137803853684
37.50406504065041,13.189805776700656
37.447154471544714,13.269067906740407
37.390243902439025,13.418468468398071
37.333333333333336,13.550191864363416
37.27642276422764,13.71213751135111
37.21951219512195,13.79311033484496
37.16260162601626,13.879215238701093
37.10569105691057,13.965890373708591
37.048780487804876,14.051995277564725
36.99186991869919,14.186569829286896
36.9349593495935,14.285790049624428
36.8780487804878,14.366762873118274
36.82113821138211,14.435760842433455
36.764227642276424,14.57204608760972
36.707317073170735,14.714603875451003
36.65040650406504,14.863434205957299
36.59349593495935,15.019677541431344
36.53658536585366,15.235795147798726
36.479674796747965,15.346419991163561
36.422764227642276,15.453623447620204
36.36585365853659,15.555124592563196
36.3089430894309,15.651493657143904
36.2520325203252,15.743871103665054
36.19512195121951,15.829405776369823
36.13821138211382,15.894412127625447
36.08130081300813,15.928625996707355
36.02439024390244,16.038680608920824
35.96747967479675,16.158999381858866
35.91056910569106,16.23712104959589
35.853658536585364,16.30611901891107
35.796747967479675,16.42415686724365
35.739837398373986,16.538203097516675
35.68292682926829,16.670496724633384
35.6260162601626,16.759452784246342
35.56910569105691,16.862094391492064
35.51219512195122,16.96587646104052
35.45528455284553,17.06281575677259
35.39837398373984,17.153482509839645
35.34146341463415,17.214497243035712
35.28455284552845,17.317138850281435
35.22764227642276,17.41008652795395
35.170731707317074,17.476233341512305
35.113821138211385,17.56005732076298
35.05691056910569,17.94154196102625
35.0,18.09094252268391
34.94308943089431,18.240343084341575
34.886178861788615,18.362372550733713
34.829268292682926,18.505500569726358
34.77235772357724,18.633802578783513
34.71544715447155,18.810574235706703
34.65853658536585,18.963396184272554
34.60162601626016,19.099681429448818
34.54471544715447,19.25763545837696
34.48780487804878,19.35913660331995
34.43089430894309,19.478314913955263
34.3739837398374,19.655656802029817
34.31707317073171,19.9829694829134
34.260162601626014,20.07021484907226
34.203252032520325,20.28462176198555
34.146341463414636,20.492756132233822
34.08943089430894,20.64614831195104
34.03252032520325,20.78984656209505
33.97560975609756,20.95008151562865
33.91869918699187,21.118299705281366
33.86178861788618,21.284807201479982
33.80487804878049,21.48153694870095
33.7479674796748,21.69195224355468
33.6910569105691,21.878417830051077
33.63414634146341,22.066023878850203
33.577235772357724,22.439525282994364
33.520325203252035,22.650510808999456
33.46341463414634,22.8067541444735
33.40650406504065,22.960716555342085
33.34959349593496,23.152884453352133
33.292682926829265,23.31483010033983
33.235772357723576,23.505857536047145
33.17886178861789,23.71000028823586
33.1219512195122,23.846855764563493
33.0650406504065,23.983141009739757
33.00813008130081,24.159912666662947
32.951219512195124,24.3013299922015
32.89430894308943,24.47182910645967
32.83739837398374,24.812827334976014
32.78048780487805,24.96907067045006
32.72357723577236,25.178345503001058
32.666666666666664,25.389331029006158
32.609756097560975,25.584920313924396
32.552845528455286,25.74686596091209
32.49593495934959,25.91907576862436
32.4390243902439,26.156291927592253
32.38211382113821,26.355872830570046
32.32520325203252,26.550321653185552
32.26829268292683,26.74363001349833
32.21138211382114,26.91926120811879
32.15447154471545,27.103445870009725
32.09756097560975,27.446154791980163
32.040650406504064,27.63604176538475
31.983739837398375,27.84417613563302
31.926829268292682,28.019237099102117
31.869918699186993,28.239346323529052
31.8130081300813,28.433224914993197
31.75609756097561,28.563237617504445
31.69918699186992,28.752554359757667
31.642276422764226,28.965820810368225
31.585365853658537,29.119212990085444
31.528455284552845,29.29883580276546
31.471544715447155,29.477888384294108
31.414634146341463,29.68089067418009
31.357723577235774,30.093167796617077
31.30081300813008,30.364027593515512
31.24390243902439,30.565319189947402
31.1869918699187,30.763759630622467
31.130081300813007,30.95307637287569
31.073170731707318,31.11673271331748
31.016260162601625,31.236481255104156
30.959349593495936,31.360791646101756
30.902439024390244,31.494795966672555
30.84552845528455,31.770217612781913
30.788617886178862,32.062175962280854
30.73170731707317,32.250922473382715
30.67479674796748,32.41229788921905
30.617886178861788,32.80518715250962
30.5609756097561,32.99792528167103
30.504065040650406,33.21404288803841
30.447154471544714,33.43073072555716
30.390243902439025,33.668517115676416
30.333333333333332,33.897750038525196
30.276422764227643,34.151502900882676
30.21951219512195,34.39556183366695
30.16260162601626,34.608828284277514
30.10569105691057,34.84091236288312
30.048780487804876,35.03764211010408
29.991869918699187,35.138002792744345
29.934959349593495,35.2891140478561
29.878048780487806,35.731613421315444
29.821138211382113,35.95514403265057
29.764227642276424,36.190079267013004
29.70731707317073,36.461509295062804
29.650406504065042,36.7084193836039
29.59349593495935,36.92225606536582
29.536585365853657,37.162893611241905
29.479674796747968,37.38357306682021
29.422764227642276,37.62934269305858
29.365853658536587,37.89335971614064
29.308943089430894,38.15965766382815
29.252032520325205,38.405997521217884
29.195121951219512,38.66488246393765
29.13821138211382,39.322929212613005
29.08130081300813,39.587516466846424
29.024390243902438,39.79736153054879
28.96747967479675,40.07050225205269
28.910569105691057,40.344783435859306
28.853658536585368,40.64187386572054
28.796747967479675,40.98002093848006
28.739837398373982,41.244037961562114
28.682926829268293,41.49208851240594
28.6260162601626,41.77777431923987
28.56910569105691,42.01156909129958
28.51219512195122,42.25562802408384
28.45528455284553,42.62969965937937
28.398373983739837,43.33678628707212
28.341463414634145,43.68462728940485
28.284552845528456,44.08321886420908
28.227642276422763,44.52343731306295
28.170731707317074,44.824519360983736
28.11382113821138,45.02752165086973
28.056910569105693,45.289827980497684
28.0,45.643371294344064
27.943089430894307,46.01915362309368
27.88617886178862,46.36015185161002
27.829268292682926,46.64412696498986
27.772357723577237,46.95661363593794
27.715447154471544,47.295330939848824
27.658536585365855,47.90091642259859
27.601626016260163,48.25217881183951
27.54471544715447,48.6023007387777
27.48780487804878,48.93132411311537
27.43089430894309,49.29798274344316
27.3739837398374,49.6127503389967
27.317073170731707,49.92979885915571
27.260162601626018,50.22574882671422
27.203252032520325,50.55021035184097
27.146341463414632,50.95450423815884
27.089430894308943,51.33541864727074
27.03252032520325,51.68382988075483
26.975609756097562,51.937582743112316
26.91869918699187,52.4268410709836
26.86178861788618,52.77069045525676
26.804878048780488,53.11853145758949
26.747967479674795,53.454967836894916
26.691056910569106,53.75547965366434
26.634146341463413,54.04458684740646
26.577235772357724,54.439757035302485
26.520325203252032,54.90221449905961
26.463414634146343,55.25974943096554
26.40650406504065,55.5842109560923
26.349593495934958,56.0535111936658
26.29268292682927,56.50912588360653
26.235772357723576,56.89916399114028
26.178861788617887,57.410661333914796
26.121951219512194,57.638183563309475
26.065040650406505,57.74937863782568
26.008130081300813,57.88623411415331
25.951219512195124,58.04874999229237
25.89430894308943,58.074980625255165
25.83739837398374,58.116037268153455
25.78048780487805,58.29508984968211
25.723577235772357,58.54656178743413
25.666666666666668,58.82084297124075
25.609756097560975,59.0392415022136
25.552845528455286,59.2336903248291
25.495934959349594,59.415023830963214
25.4390243902439,59.59749779940005
25.382113821138212,59.67333854253161
25.32520325203252,59.81532609922153
25.26829268292683,60.0137665398966
25.211382113821138,60.232165070869435
25.15447154471545,60.38555725058666
25.097560975609756,60.494471400497396
25.040650406504064,60.64102080639824
24.983739837398375,60.80638784029412
24.926829268292682,60.94267308547039
24.869918699186993,61.14966699341593
24.8130081300813,61.38574269008109
24.75609756097561,61.58475336190752
24.69918699186992,61.89096749019058
24.642276422764226,62.051202443724186
24.585365853658537,62.1817853773868
24.528455284552845,62.31065761759532
24.471544715447155,62.431546621684724
24.414634146341463,62.494272048334885
24.357723577235774,62.66705208719853
24.30081300813008,62.899706396955494
24.24390243902439,63.137492787074756
24.1869918699187,63.369006634528986
24.130081300813007,63.58683493435047
24.073170731707318,63.75562335515455
24.016260162601625,63.853703113189354
23.959349593495936,63.92042015789907
23.902439024390244,63.92612246941272
23.84552845528455,63.962617263100086
23.788617886178862,64.14623169383967
23.73170731707317,64.24488168302582
23.67479674796748,64.30361549161644
23.617886178861788,64.44617327945771
23.5609756097561,64.55337673591436
23.504065040650406,64.6411923332246
23.447154471544714,64.80028682445547
23.390243902439025,64.95995154683769
23.333333333333332,65.16694545478323
23.276422764227643,65.29011538347811
23.21951219512195,65.49881998487774
23.16260162601626,65.64536939077857
23.10569105691057,65.76340723911116
23.048780487804876,65.9213612680393
22.991869918699187,66.04681212133963
22.934959349593495,66.12265286447119
22.878048780487806,66.21503031099233
22.821138211382113,66.28117712455068
22.764227642276424,66.33934070198993
22.70731707317073,66.45509762571706
22.650406504065042,66.57997824786602
22.59349593495935,66.6849007797172
22.536585365853657,66.7356513521887
22.479674796747968,66.79894700999023
22.422764227642276,66.92382763213918
22.365853658536587,67.06524495767773
22.308943089430894,67.13880477620384
22.252032520325205,67.22776083581681
22.195121951219512,67.27451979022874
22.13821138211382,67.27451979022874
22.08130081300813,67.28478395095331
22.024390243902438,67.33496429227344
21.96747967479675,67.37259954826354
21.910569105691057,67.43190358800551
21.853658536585368,67.52485126567802
21.796747967479675,67.5955599284473
21.739837398373982,67.7250023998072
21.682926829268293,67.79856221833329
21.6260162601626,67.8555853334698
21.56910569105691,67.85843648922663
21.51219512195122,67.9228726093309
21.45528455284553,68.06999224638308
21.398373983739837,68.16522084866106
21.341463414634145,68.21654165228392
21.284552845528456,68.27641592317727
21.227642276422763,68.29181216426413
21.170731707317074,68.29181216426413
21.11382113821138,68.25816852633358
21.056910569105693,68.17263385362881
21.0,68.00213473937063
20.943089430894307,68.00213473937063
20.88617886178862,68.02950583463617
20.829268292682926,68.05630669875032
20.772357723577237,68.10591680891909
20.715447154471544,68.1891705570184
20.658536585365855,68.29922516923187
20.601626016260163,68.41954394216991
20.54471544715447,68.5717956595844
20.48780487804878,68.72005575893932
20.43089430894309,68.80045835128182
20.3739837398374,68.90252972737618
20.317073170731707,68.94928868178812
20.260162601626018,69.01201410843828
20.203252032520325,69.14943981591728
20.146341463414632,69.27432043806623
20.089430894308943,69.38323458797697
20.03252032520325,69.38494528143107
19.975609756097562,69.40319267827475
19.91869918699187,69.5103961347314
19.86178861788618,69.66321808329725
19.804878048780488,69.7818261627812
19.747967479674795,69.81318887610628
19.691056910569106,69.83029581064723
19.634146341463413,69.83029581064723
19.577235772357724,69.81033772034945
19.520325203252032,69.76243830363478
19.463414634146343,69.76243830363478
19.40650406504065,69.82060188107403
19.349593495934958,69.8570966747614
19.29268292682927,69.8570966747614
19.235772357723576,69.84740274518819
19.178861788617887,69.84740274518819
19.121951219512194,69.90385562917334
19.065040650406505,69.92609464407657
19.008130081300813,69.96372990006667
18.951219512195124,70.0139102413868
18.89430894308943,70.08290821070199
18.83739837398374,70.08290821070199
18.78048780487805,70.01448047253817
18.723577235772357,70.06808220076648
18.666666666666668,70.11655184863253
18.609756097560975,70.17072380801221
18.552845528455286,70.23059807890556
18.495934959349594,70.23059807890556
18.4390243902439,70.22261484278644
18.382113821138212,70.22261484278644
18.32520325203252,70.22261484278644
18.26829268292683,70.28305934483114
18.211382113821138,70.32981829924309
18.15447154471545,70.38456048977413
18.097560975609756,70.43303013764017
18.040650406504064,70.5567702974864
17.983739837398375,70.66055236703485
17.926829268292682,70.7808711399729
17.869918699186993,70.88009136031043
17.8130081300813,70.90233037521368
17.75609756097561,70.90233037521368
17.69918699186992,70.9279907770251
17.642276422764226,71.02093845469761
17.585365853658537,71.09848989128326
17.528455284552845,71.17090924750664
17.471544715447155,71.23762629221636
17.414634146341463,71.2992112565638
17.357723577235774,71.36706876357624
17.30081300813008,71.4480415870701
17.24390243902439,71.49423031033068
17.1869918699187,71.54726180740764
17.130081300813007,71.61112769636053
17.073170731707318,71.61112769636053
17.016260162601625,71.5951612241223
16.959349593495936,71.5951612241223
16.902439024390244,71.5917398372141
16.84552845528455,71.5820459076409
16.788617886178862,71.51646932523391
16.73170731707317,71.51646932523391
16.67479674796748,71.51532886293118
16.617886178861788,71.51532886293118
16.5609756097561,71.50164331529842
16.504065040650406,71.50791585796344
16.447154471544714,71.53984880243989
16.390243902439025,71.59116960606275
16.333333333333332,71.6099872340578
16.276422764227643,71.62196208823646
16.21951219512195,71.64477133429106
16.16260162601626,71.7257441577849
16.10569105691057,71.79075050904054
16.048780487804876,71.89966465895128
15.991869918699187,71.9760756332342
15.934959349593496,72.01200019577021
15.878048780487806,72.11977388337822
15.821138211382113,72.35185796198381
15.764227642276422,72.40203830330395
15.707317073170731,72.42142616245036
15.65040650406504,72.4470865642618
15.59349593495935,72.51038222206333
15.536585365853659,72.55600071417254
15.479674796747968,72.59876805052492
15.422764227642276,72.60447036203857
15.365853658536585,72.6073215177954
15.308943089430894,72.61530475391451
15.252032520325203,72.64438654263414
15.195121951219512,72.64438654263414
15.138211382113822,72.62157729657953
15.08130081300813,72.58451227174079
15.024390243902438,72.68658364783515
14.967479674796747,72.75843277290716
14.910569105691057,72.79264664198907
14.853658536585366,72.79264664198907
14.796747967479675,72.79435733544317
14.739837398373984,72.8770408523911
14.682926829268293,72.9716992235177
14.626016260162602,73.00876424835644
14.56910569105691,73.01731771562692
14.512195121951219,73.01731771562692
