----isotherm parameters----
start time: ,2022-11-30 14:01:53.142117+00:00
end time: ,2022-11-30 14:11:27.951494+00:00
number of smooting values: ,3
total sample steps: ,2000
stepper delay: ,0.001
area_change_expected: ,1.4e+18
molecules deposited: ,1.23e+16
----isotherm data----
area_per_molecule (Ang^2/molecule),surface pressure (mN/m)
128.27642276422765,-1.5592229533583228
128.21951219512195,-1.5704374993351704
128.16260162601625,-1.5791810436561022
128.10569105691056,-1.5801314289083777
128.0487804878049,-1.5922963601375002
127.99186991869918,-1.6114941422334592
127.9349593495935,-1.6164361455452905
127.8780487804878,-1.6145353750407399
127.82113821138212,-1.5947673617934155
127.76422764227642,-1.6088330635270889
127.70731707317073,-1.6132048356875546
127.65040650406505,-1.6179567619489308
127.59349593495935,-1.6301216931780533
127.53658536585365,-1.6265102292194076
127.47967479674797,-1.63791485224671
127.42276422764228,-1.6160559914443802
127.36585365853658,-1.6255598439671324
127.3089430894309,-1.609973525829819
127.2520325203252,-1.6038910602152576
127.1951219512195,-1.5845032010688433
127.13821138211382,-1.592106283087045
127.08130081300813,-1.5449671745741946
127.02439024390245,-1.5392648630605432
126.96747967479675,-1.543066404069644
126.91056910569105,-1.5212075432673142
126.85365853658537,-1.5079021497354617
126.79674796747967,-1.5424961729182793
126.73983739837398,-1.4955471414558836
126.6829268292683,-1.5310915498909765
126.6260162601626,-1.5426862499687342
126.5691056910569,-1.5405954024137287
126.51219512195122,-1.5445870204732843
126.45528455284553,-1.5628344173169684
126.39837398373983,-1.5784207354542819
126.34146341463415,-1.6118742963343695
126.28455284552845,-1.6441873949117263
126.22764227642277,-1.6476087818199172
126.17073170731707,-1.6247995357653122
126.11382113821138,-1.654831709737209
126.0569105691057,-1.6603439442004049
126.0,-1.6803020344981843
125.9430894308943,-1.6700378737736121
125.88617886178862,-1.6820127279522799
125.82926829268293,-1.696268506736408
125.77235772357723,-1.710334208470081
125.71544715447155,-1.7243999102037542
125.65853658536585,-1.7221189855982937
125.60162601626017,-1.701970818250059
125.54471544715447,-1.7314327610705906
125.48780487804878,-1.7067227445114355
125.4308943089431,-1.6789714951449994
125.3739837398374,-1.6846738066586504
125.3170731707317,-1.6649057934113258
125.26016260162602,-1.6483690900217374
125.20325203252033,-1.6639554081590509
125.14634146341463,-1.6611042524022253
125.08943089430895,-1.6578729425444891
125.03252032520325,-1.6635752540581408
124.97560975609755,-1.6407660080035358
124.91869918699187,-1.6350636964898844
124.86178861788618,-1.6061719848207179
124.8048780487805,-1.6215682259075768
124.7479674796748,-1.6080727553252683
124.6910569105691,-1.605411676618898
124.63414634146342,-1.5704374993351704
124.57723577235772,-1.5248190072259602
124.52032520325203,-1.5079021497354612
124.46341463414635,-1.497828066061344
124.40650406504065,-1.45620119201169
124.34959349593495,-1.4415652591266517
124.29268292682927,-1.3925253801092508
124.23577235772358,-1.374468060316022
124.17886178861788,-1.3942360735633461
124.1219512195122,-1.379029909526943
124.0650406504065,-1.3984177686733572
124.00813008130082,-1.411152931053845
123.95121951219512,-1.4073513900447443
123.89430894308943,-1.4054506195401937
123.83739837398375,-1.4035498490356435
123.78048780487805,-1.3944261506138016
123.72357723577235,-1.3816909882333135
123.66666666666667,-1.3752283685178421
123.60975609756098,-1.3776993701737574
123.55284552845528,-1.3718069816096514
123.4959349593496,-1.3512786601605071
123.4390243902439,-1.3594519733300734
123.3821138211382,-1.356030586421883
123.32520325203252,-1.3210564091381551
123.26829268292683,-1.329419799358177
123.21138211382114,-1.2807600744416863
123.15447154471545,-1.2758180711298552
123.09756097560975,-1.265934064506193
123.04065040650407,-1.2689752973134736
122.98373983739837,-1.243314895502043
122.92682926829268,-1.2362820446352065
122.869918699187,-1.2263980380115442
122.8130081300813,-1.2570004431348059
122.7560975609756,-1.220505649447438
122.69918699186992,-1.2391332003920323
122.64227642276423,-1.2290591167179148
122.58536585365853,-1.2244972675069938
122.52845528455285,-1.2153735690851517
122.47154471544715,-1.2275385003142745
122.41463414634147,-1.2052994854110348
122.35772357723577,-1.2032086378560294
122.30081300813008,-1.20701017886513
122.2439024390244,-1.225637729809724
122.1869918699187,-1.2225964970024434
122.130081300813,-1.2246873445574489
122.07317073170732,-1.1746970802877728
122.01626016260163,-1.1784986212968735
121.95934959349593,-1.1823001623059746
121.90243902439025,-1.1906635525259965
121.84552845528455,-1.1857215492141653
121.78861788617886,-1.225447652759269
121.73170731707317,-1.2277285773647295
121.67479674796748,-1.2153735690851517
121.6178861788618,-1.2108117198742308
121.5609756097561,-1.2075804100164953
121.5040650406504,-1.189523090223266
121.44715447154472,-1.2360919675847515
121.39024390243902,-1.197886480443288
121.33333333333333,-1.2037788690073943
121.27642276422765,-1.1857215492141655
121.21951219512195,-1.20739033296604
121.16260162601625,-1.2091010264201354
121.10569105691057,-1.2246873445574489
121.04878048780488,-1.2322904265756505
120.99186991869918,-1.2075804100164953
120.9349593495935,-1.2189850330437977
120.8780487804878,-1.2733470694739397
120.82113821138212,-1.3048998598494765
120.76422764227642,-1.2824707678957814
120.70731707317073,-1.2908341581158034
120.65040650406505,-1.303569320496291
120.59349593495935,-1.338353420729564
120.53658536585365,-1.3191556386336047
120.47967479674797,-1.3554603552705178
120.42276422764228,-1.3258083353995314
120.36585365853658,-1.3877734538478748
120.3089430894309,-1.3894841473019703
120.2520325203252,-1.3822612193846784
120.1951219512195,-1.3539397388668775
120.13821138211382,-1.3478572732523162
120.08130081300813,-1.3773192160728476
120.02439024390245,-1.3628733602382643
119.96747967479675,-1.3826413734855887
119.91056910569105,-1.3904345325542453
119.85365853658537,-1.4191361671729565
119.79674796747967,-1.3963269211183518
119.73983739837398,-1.4197063983243219
119.6829268292683,-1.4276896344434338
119.6260162601626,-1.4255987868884283
119.5691056910569,-1.4238880934343328
119.51219512195122,-1.4396644886221015
119.45528455284553,-1.475589051158104
119.39837398373983,-1.4782501298644748
119.34146341463415,-1.4947868332540635
119.28455284552845,-1.5084723808868263
119.22764227642277,-1.5181663104600336
119.17073170731707,-1.552380179541941
119.11382113821138,-1.5672061894774345
119.0569105691057,-1.574999348546091
119.0,-1.5711978075369901
118.9430894308943,-1.5979986716511512
118.88617886178862,-1.6196674554030261
118.82926829268293,-1.656162249090394
118.77235772357723,-1.6324026177835138
118.71544715447155,-1.6183369160498406
118.65853658536585,-1.6419064703062658
118.60162601626017,-1.6554019408885738
118.54471544715447,-1.6458980883658219
118.48780487804878,-1.6474187047694624
118.4308943089431,-1.6316423095816937
118.3739837398374,-1.6631950999572307
118.3170731707317,-1.646848473618097
118.26016260162602,-1.633543080086244
118.20325203252033,-1.6441873949117263
118.14634146341463,-1.619477378352571
118.08943089430895,-1.600849827407977
118.03252032520325,-1.5814619682615625
117.97560975609755,-1.5883047420779441
117.91869918699187,-1.5685367288306198
117.86178861788618,-1.550859563138301
117.8048780487805,-1.5310915498909765
117.7479674796748,-1.537554169606448
117.6910569105691,-1.5318518580927967
117.63414634146342,-1.5312816269414313
117.57723577235772,-1.4993486824649844
117.52032520325203,-1.4860432889331314
117.46341463414635,-1.5166456940563933
117.40650406504065,-1.5084723808868266
117.34959349593495,-1.5080922267859165
117.29268292682927,-1.492505908648603
117.23577235772358,-1.538694631909178
117.17886178861788,-1.5618840320646932
117.1219512195122,-1.5398350942119083
117.0650406504065,-1.5052410710290909
117.00813008130082,-1.5641649566701539
116.95121951219512,-1.6263201521689528
116.89430894308943,-1.6362041587926148
116.83739837398375,-1.623659073462582
116.78048780487805,-1.6080727553252687
116.72357723577235,-1.6151056061921052
116.66666666666667,-1.628981230875323
116.60975609756098,-1.6360140817421598
116.55284552845528,-1.623088842311217
116.4959349593496,-1.6439973178612715
116.4390243902439,-1.624039227563492
116.3821138211382,-1.5774703502020067
116.32520325203252,-1.538694631909178
116.26829268292683,-1.5225380826204995
116.21138211382114,-1.52405869902414
116.15447154471545,-1.5096128431895568
116.09756097560975,-1.482241747924031
116.04065040650407,-1.4491683411448533
115.98373983739837,-1.4554408838098698
115.92682926829268,-1.4269293262416136
115.869918699187,-1.4231277852325128
115.8130081300813,-1.4067811588933792
115.7560975609756,-1.4086819293979296
115.69918699186992,-1.3967070752192619
115.64227642276423,-1.4176155507693167
115.58536585365853,-1.4354827935120904
115.52845528455285,-1.4214170917784175
115.47154471544715,-1.4769195905112895
115.41463414634147,-1.4757791282085595
115.35772357723577,-1.4837623643276714
115.30081300813008,-1.4620935805757964
115.2439024390244,-1.4805310544699353
115.1869918699187,-1.5044807628272707
115.130081300813,-1.5021998382218102
115.07317073170732,-1.5044807628272707
115.01626016260163,-1.4683661232408127
114.95934959349593,-1.5257693924782354
114.90243902439025,-1.5242487760745949
114.84552845528455,-1.5027700693731754
114.78861788617886,-1.5020097611713552
114.73170731707317,-1.4963074496577038
114.67479674796748,-1.5466778680282898
114.6178861788618,-1.5278602400332406
114.5609756097561,-1.5504794090373908
114.5040650406504,-1.5335625515468922
114.44715447154472,-1.5476282532805652
114.39024390243902,-1.5481984844319303
114.33333333333333,-1.5717680386883555
114.27642276422765,-1.5717680386883555
114.21951219512195,-1.559983261560143
114.16260162601625,-1.5651153419224288
114.10569105691057,-1.6443774719621815
114.04878048780488,-1.6449477031135464
113.99186991869918,-1.659583635998585
113.9349593495935,-1.6892356558695714
113.8780487804878,-1.75101069726746
113.82113821138212,-1.7272510659605798
113.76422764227642,-1.741506844744708
113.70731707317073,-1.7895963385098337
113.65040650406505,-1.8042322713948717
113.59349593495935,-1.8086040435553379
113.53658536585365,-1.8297025961558475
113.47967479674797,-1.8460492224949807
113.42276422764228,-1.8812134768291635
113.36585365853658,-1.895849409714202
113.3089430894309,-1.896799794966477
113.2520325203252,-1.9281625082915592
113.1951219512195,-1.926641891887919
113.13821138211382,-1.9443190575802376
113.08130081300813,-1.9515419854975293
113.02439024390245,-1.9665580724834777
112.96747967479675,-1.9659878413321124
112.91056910569105,-1.9716901528457635
112.85365853658537,-2.000391787464475
112.79674796747967,-1.9901276267399026
112.73983739837398,-2.0064742530790363
112.6829268292683,-1.9992513251617448
112.6260162601626,-2.001152095666295
112.5691056910569,-2.0247216499227205
112.51219512195122,-2.0087551776844967
112.45528455284553,-2.0013421727167504
112.39837398373983,-1.9855657775289817
112.34146341463415,-2.0114162563908673
112.28455284552845,-2.0030528661708455
112.22764227642277,-2.0182590302072487
112.17073170731707,-2.014267412147693
112.11382113821138,-1.9905077808408127
112.0569105691057,-1.995449784152644
112.0,-1.994309321849914
111.9430894308943,-1.9859459316298917
111.88617886178862,-1.95458321830481
111.82926829268293,-1.9355755132593055
111.77235772357723,-1.9441289805297828
111.71544715447155,-1.9167578852642564
111.65853658536585,-1.90858457209469
111.60162601626017,-1.8848249407878095
111.54471544715447,-1.859354616026834
111.48780487804878,-1.873420317760507
111.4308943089431,-1.869238622650496
111.3739837398374,-1.8369255240731388
111.3170731707317,-1.8266613633485667
111.26016260162602,-1.8276117486008419
111.20325203252033,-1.8215292829862806
111.14634146341463,-1.818488050179
111.08943089430895,-1.8078437353535175
111.03252032520325,-1.8201987436330953
110.97560975609755,-1.8209590518349152
110.91869918699187,-1.8000505762848606
110.86178861788618,-1.8245705157935612
110.8048780487805,-1.791307031963929
110.7479674796748,-1.8034719631930516
110.6910569105691,-1.8017612697389562
110.63414634146342,-1.7901665696611986
110.57723577235772,-1.8181078960780896
110.52032520325203,-1.8013811156380461
110.46341463414635,-1.8279919027017517
110.40650406504065,-1.7966291893766702
110.34959349593495,-1.7882657991566482
110.29268292682927,-1.804612425495782
110.23577235772358,-1.8171575108258147
110.17886178861788,-1.828562133853117
110.1219512195122,-1.805562810748057
110.0650406504065,-1.829512519105392
110.00813008130082,-1.8188682042799103
109.95121951219512,-1.822099514137646
109.89430894308943,-1.8106948911103433
109.83739837398375,-1.8072735042021524
109.78048780487805,-1.8139262009680788
109.72357723577235,-1.8359751388208636
109.66666666666667,-1.823239976440376
109.60975609756098,-1.8108849681607981
109.55284552845528,-1.8306529814081227
109.4959349593496,-1.8116452763626183
109.4390243902439,-1.8032818861425965
109.3821138211382,-1.8165872796744493
109.32520325203252,-1.8061330418994224
109.26829268292683,-1.8048025025462369
109.21138211382114,-1.8152567403212643
109.15447154471545,-1.8209590518349155
109.09756097560975,-1.8076536583030627
109.04065040650407,-1.8087941206057927
108.98373983739837,-1.8173475878762695
108.92682926829268,-1.806703273050787
108.869918699187,-1.8015711926885014
108.8130081300813,-1.8194384354312751
108.7560975609756,-1.8228598223394659
108.69918699186992,-1.795678804124395
108.64227642276423,-1.8300827502567574
108.58536585365853,-1.7970093434775805
108.52845528455285,-1.8331239830640385
108.47154471544715,-1.8245705157935612
108.41463414634147,-1.7979597287298557
108.35772357723577,-1.7933978795189345
108.30081300813008,-1.8091742747067026
108.2439024390244,-1.7768611761293458
108.1869918699187,-1.8063231189498772
108.130081300813,-1.8211491288853707
108.07317073170732,-1.8131658927662588
108.01626016260163,-1.810314737009433
107.95934959349593,-1.8158269714726292
107.90243902439025,-1.8131658927662588
107.84552845528455,-1.8162071255735392
107.78861788617886,-1.8144964321194441
107.73170731707317,-1.836355292921774
107.67479674796748,-1.827801825651297
107.6178861788618,-1.8131658927662588
107.5609756097561,-1.8067032730507873
107.5040650406504,-1.804992579596692
107.44715447154472,-1.7759107908770704
107.39024390243902,-1.7880757221061934
107.33333333333333,-1.7968192664271252
107.27642276422765,-1.769828325262509
107.21951219512195,-1.7664069383543184
107.16260162601625,-1.7707787105147845
107.10569105691057,-1.7546221612261057
107.04878048780488,-1.768877940010234
106.99186991869918,-1.7424572299969832
106.9349593495935,-1.7308625299192257
106.8780487804878,-1.7397961512906124
106.82113821138212,-1.7291518364651302
106.76422764227642,-1.7160365199837322
106.70731707317073,-1.7069128215618903
106.65040650406505,-1.7173670593369177
106.59349593495935,-1.7124250560250864
106.53658536585365,-1.7025410494014241
106.47967479674797,-1.702160895300514
106.42276422764228,-1.7078632068141655
106.36585365853658,-1.7637458596479478
106.3089430894309,-1.7399862283410676
106.2520325203252,-1.747399233308814
106.1951219512195,-1.746448848056539
106.13821138211382,-1.7527213907215555
106.08130081300813,-1.7580435481342966
106.02439024390245,-1.8032818861425965
105.96747967479675,-1.800240653335316
105.91056910569105,-1.7998604992344056
105.85365853658537,-1.818678127229455
105.79674796747967,-1.8188682042799098
105.73983739837398,-1.837305678174049
105.6829268292683,-1.8540324586140928
105.6260162601626,-1.8694286997009513
105.5691056910569,-1.8812134768291637
105.51219512195122,-1.904022722883769
105.45528455284553,-1.93196404930066
105.39837398373983,-1.937856437864766
105.34146341463415,-1.9437488264288725
105.28455284552845,-1.9401373624702265
105.22764227642277,-1.923030427929273
105.17073170731707,-1.9146670377092512
105.11382113821138,-1.9306335099474745
105.0569105691057,-1.9399472854197717
105.0,-1.9310136640483846
104.9430894308943,-1.9144769606587964
104.88617886178862,-1.9066838015901393
104.82926829268293,-1.9340548968556657
104.77235772357723,-1.9351953591583957
104.71544715447155,-1.941277824772957
104.65853658536585,-1.9336747427547554
104.60162601626017,-1.9686489200384827
104.54471544715447,-1.9614259921211914
104.48780487804878,-1.9722603839971289
104.4308943089431,-1.9939291677490036
104.3739837398374,-1.972640538098039
104.3170731707317,-1.9724504610475837
104.26016260162602,-2.009325408835862
104.20325203252033,-2.0258621122254508
104.14634146341463,-2.017498722005429
104.08943089430895,-1.9983009399094698
104.03252032520325,-2.0136971809963278
103.97560975609755,-2.013317026895418
103.91869918699187,-2.0401178910095785
103.86178861788618,-2.0285231909318213
103.8048780487805,-2.040307968060034
103.7479674796748,-2.0195895695604342
103.6910569105691,-2.0235811876199903
103.63414634146342,-2.017878876106339
103.57723577235772,-2.0243414958218104
103.52032520325203,-2.0195895695604342
103.46341463414635,-2.0328949630922875
103.40650406504065,-2.042778969715949
103.34959349593495,-2.0387873516563935
103.29268292682927,-2.031944577840012
103.23577235772358,-2.0469606648259604
103.17886178861788,-2.049051512380966
103.1219512195122,-1.99906124811129
103.0650406504065,-1.9914581660930881
103.00813008130082,-1.985755854579437
102.95121951219512,-1.9853757004785269
102.89430894308943,-1.987466548033532
102.83739837398375,-1.9880367791848972
102.78048780487805,-1.9804336971666956
102.72357723577235,-1.9878467021344424
102.66666666666667,-1.9975406317076496
102.60975609756098,-1.984615392276707
102.55284552845528,-1.967508457735753
102.4959349593496,-1.9585748363643658
102.4390243902439,-1.9720703069466736
102.3821138211382,-1.973971077451224
102.32520325203252,-1.990697857891268
102.26829268292683,-1.9695993052907583
102.21138211382114,-1.973781000400769
102.15447154471545,-1.9619962232725567
102.09756097560975,-1.9722603839971289
102.04065040650407,-1.969219151189848
101.98373983739837,-1.969409228240303
101.92682926829268,-1.9619962232725563
101.869918699187,-1.9781527725612351
101.8130081300813,-1.9697893823412131
101.7560975609756,-1.9732107692494043
101.69918699186992,-1.9794833119144204
101.64227642276423,-1.9823344676712458
101.58536585365853,-2.0038131743726657
101.52845528455285,-1.969029074139393
101.47154471544715,-1.976252002056685
101.41463414634147,-1.9676985347862077
101.35772357723577,-1.9656076872312023
101.30081300813008,-1.937856437864766
101.2439024390244,-1.9355755132593055
101.1869918699187,-1.9131464213056109
101.130081300813,-1.9196090410210822
101.07317073170732,-1.9300632787961094
101.01626016260163,-1.918468578718352
100.95934959349593,-1.9222701197274528
100.90243902439025,-1.8850150178382645
100.84552845528455,-1.9066838015901393
100.78861788617886,-1.897179949067387
100.73170731707317,-1.892428022806011
100.67479674796748,-1.8764615505677877
100.6178861788618,-1.877792089920973
100.5609756097561,-1.8834944014346242
100.5040650406504,-1.9019318753287633
100.44715447154472,-1.8962295638151119
100.39024390243902,-1.9175181934660765
100.33333333333333,-1.9089647261955998
100.27642276422765,-1.9002211818746677
100.21951219512195,-1.913526575406521
100.16260162601625,-1.9203693492229024
100.10569105691057,-1.931393818149295
100.04878048780488,-1.9481205985893386
99.99186991869918,-1.9623763773734666
99.9349593495935,-1.9880367791848974
99.8780487804878,-1.9870863939326222
99.82113821138212,-1.9840451611253413
99.76422764227642,-2.0138872580467826
99.70731707317073,-2.008184946533132
99.65040650406505,-2.001152095666295
99.59349593495935,-1.9754916938548643
99.53658536585365,-1.967128303634843
99.47967479674797,-1.9253113525347334
99.42276422764228,-1.9258815836860987
99.36585365853658,-1.9338648198052102
99.3089430894309,-1.9336747427547554
99.2520325203252,-1.9372862067134011
99.1951219512195,-1.9393770542684068
99.13821138211382,-1.9388068231170414
99.08130081300813,-1.9699794593916682
99.02439024390245,-1.9806237742171504
98.96747967479675,-1.987086393932622
98.91056910569105,-2.012556718693598
98.85365853658537,-2.0100857170376822
98.79674796747967,-1.987276470983077
98.73983739837398,-2.00210248091857
98.6829268292683,-2.0119864875422326
98.6260162601626,-2.029093422083186
98.5691056910569,-2.0239613417209004
98.51219512195122,-2.0385972746059386
98.45528455284553,-2.04544004842232
98.39837398373983,-2.0511423599359713
98.34146341463415,-2.0539935156927966
98.28455284552845,-2.06729890922465
98.22764227642277,-2.06995998793102
98.17073170731707,-2.0425888926654943
98.11382113821138,-2.0511423599359713
98.0569105691057,-2.0640675993669144
98.0,-2.068249294476925
97.9430894308943,-2.0918188487333502
97.88617886178862,-2.1007524701047373
97.82926829268293,-2.1022730865083776
97.77235772357723,-2.1248922555125276
97.71544715447155,-2.1148181718384103
97.65853658536585,-2.122421253856612
97.60162601626017,-2.126793026017078
97.54471544715447,-2.13705718674165
97.48780487804878,-2.145040422860762
97.4308943089431,-2.1317350293289086
97.3739837398374,-2.1317350293289086
97.3170731707317,-2.1207105604025163
97.26016260162602,-2.140288496599386
97.20325203252033,-2.132495337530729
97.14634146341463,-2.126983103067533
97.08943089430895,-2.1134876324852248
97.03252032520325,-2.1254624866638925
96.97560975609755,-2.105124242265203
96.91869918699187,-2.113867786586135
96.86178861788618,-2.154924429484424
96.8048780487805,-2.1131074783843147
96.7479674796748,-2.15853589344307
96.6910569105691,-2.137627417893015
96.63414634146342,-2.1653786672594513
96.57723577235772,-2.166519129562182
96.52032520325203,-2.1343961080352796
96.46341463414635,-2.1471312704157675
96.40650406504065,-2.172791672227198
96.34959349593495,-2.1387678801957457
96.29268292682927,-2.1286937965216284
96.23577235772358,-2.1064547816183885
96.17886178861788,-2.110066245577034
96.1219512195122,-2.122611330907067
96.0650406504065,-2.110446399677944
96.00813008130082,-2.078323378151042
95.95121951219512,-2.072621066637391
95.89430894308943,-2.0621668288623636
95.83739837398375,-2.059885904256903
95.78048780487805,-2.0467705877755056
95.72357723577235,-2.0431591238168596
95.66666666666667,-2.0330850401427423
95.60975609756098,-2.044489663170045
95.55284552845528,-2.040117891009579
95.4959349593496,-2.031944577840012
95.4390243902439,-2.0435392779177697
95.3821138211382,-2.0384071975554834
95.32520325203252,-2.0838356126142386
95.26829268292683,-2.0889676929765244
95.21138211382114,-2.0956203897424515
95.15447154471545,-2.1220410997557018
95.09756097560975,-2.1256525637143477
95.04065040650407,-2.1387678801957457
94.98373983739837,-2.136867109691195
94.92682926829268,-2.1402884965993856
94.869918699187,-2.1598664327962553
94.8130081300813,-2.1653786672594513
94.7560975609756,-2.15929620164489
94.69918699186992,-2.146751116314857
94.64227642276423,-2.153593890131239
94.58536585365853,-2.1623374344521706
94.52845528455285,-2.1283136424207183
94.47154471544715,-2.099612007802007
94.41463414634147,-2.099612007802007
94.35772357723577,-2.071670681385116
94.30081300813008,-2.073381374839211
94.2439024390244,-2.0382171205050286
94.1869918699187,-2.0650179846191894
94.130081300813,-2.02282087941817
94.07317073170732,-1.9990612481112897
94.01626016260163,-2.010085717037682
93.95934959349593,-2.013887258046783
93.90243902439025,-2.0026727120699355
93.84552845528455,-1.996590246455374
93.78861788617886,-1.9751115397539545
93.73170731707317,-1.960475606868916
93.67479674796748,-1.9526824478002593
93.6178861788618,-1.9553435265066301
93.5609756097561,-1.9066838015901393
93.5040650406504,-1.8686683914991307
93.44715447154472,-1.8401568339308747
93.39024390243902,-1.8110750452112534
93.33333333333333,-1.796819266427125
93.27642276422765,-1.7683077088588688
93.21951219512195,-1.782183333542087
93.16260162601625,-1.7673573236065938
93.10569105691057,-1.7683077088588688
93.04878048780488,-1.7620351661938525
92.99186991869918,-1.764886321950678
92.9349593495935,-1.746829002157449
92.8780487804878,-1.7430274611483483
92.82113821138212,-1.7844642581475476
92.76422764227642,-1.7781917154825309
92.70731707317073,-1.7799024089366264
92.65040650406505,-1.7734397892211549
92.59349593495935,-1.7542420071251954
92.53658536585365,-1.7656466301524982
92.47967479674797,-1.7396060742401573
92.42276422764228,-1.7441679234510783
92.36585365853658,-1.7160365199837324
92.3089430894309,-1.720028138043288
92.2520325203252,-1.718887675740558
92.1951219512195,-1.6994998165941435
92.13821138211382,-1.7183174445891929
92.08130081300813,-1.7323831463228656
92.02439024390245,-1.72839152826331
91.96747967479675,-1.7382755348869725
91.91056910569105,-1.7240197561028439
91.85365853658537,-1.7422671529465277
91.79674796747967,-1.7270609889101245
91.73983739837398,-1.7340938397769614
91.6829268292683,-1.7420770758960729
91.6260162601626,-1.7392259201392475
91.5691056910569,-1.7200281380432882
91.51219512195122,-1.7342839168274164
91.45528455284553,-1.736944995533787
91.39837398373983,-1.7110945166719012
91.34146341463415,-1.7129952871764518
91.28455284552845,-1.7175571363873727
91.22764227642277,-1.7527213907215555
91.17073170731707,-1.7591840104370267
91.11382113821138,-1.7732497121706998
91.0569105691057,-1.7981498057803103
91.0,-1.818297973128545
90.9430894308943,-1.8316033666603977
90.88617886178862,-1.8424377585363352
90.82926829268293,-1.906873878640594
90.77235772357723,-1.9524923707498045
90.71544715447155,-1.9730206921989488
90.65853658536585,-2.0068544071799463
90.60162601626017,-2.031944577840012
90.54471544715447,-2.040688122160944
90.48780487804878,-2.045249971371865
90.4308943089431,-2.06843937152738
90.3739837398374,-2.081554688008778
90.3170731707317,-2.0979013143479115
90.26016260162602,-2.1262227948657126
90.20325203252033,-2.11291740133386
90.14634146341463,-2.1340159539343695
90.08943089430895,-2.117669327595236
90.03252032520325,-2.1292640276729937
89.97560975609755,-2.1290739506225385
89.91869918699187,-2.115008248888865
89.86178861788618,-2.141619035952571
89.8048780487805,-2.1216609456547917
89.7479674796748,-2.118619712847511
89.6910569105691,-2.105504396366113
89.63414634146342,-2.115008248888865
89.57723577235772,-2.141999190053481
89.52032520325203,-2.1060746275174784
89.46341463414635,-2.1091158603247586
89.40650406504065,-2.1391480342966553
89.34959349593495,-2.1248922555125276
89.29268292682927,-2.145420576961672
89.23577235772358,-2.127743411269353
89.17886178861788,-2.157965662291705
89.1219512195122,-2.1400984195489308
89.0650406504065,-2.1380075719939255
89.00813008130082,-2.1486518868194078
88.95121951219512,-2.1627175885530807
88.89430894308943,-2.1608168180485303
88.83739837398375,-2.1619572803512606
88.78048780487805,-2.1648084361080864
88.72357723577235,-2.1520732737275985
88.66666666666667,-2.163097742653991
88.60975609756098,-2.159106124594435
88.55284552845528,-2.155684737686244
88.4959349593496,-2.1748825197822037
88.4390243902439,-2.1967413805845335
88.3821138211382,-2.1902787608690617
88.32520325203252,-2.1414289589021163
88.26829268292683,-2.1573954311403396
88.21138211382114,-2.151122888475323
88.15447154471545,-2.1917993772727025
88.09756097560975,-2.1477015015671324
88.04065040650407,-2.1446602687598517
87.98373983739837,-2.161387049199895
87.92682926829268,-2.18153521654813
87.869918699187,-2.198261996988174
87.8130081300813,-2.1745023656812936
87.7560975609756,-2.127743411269353
87.69918699186992,-2.1467511163148574
87.64227642276423,-2.1760229820849335
87.58536585365853,-2.157965662291705
87.52845528455285,-2.140288496599386
87.47154471544715,-2.094099773338811
87.41463414634147,-2.1011326242056474
87.35772357723577,-2.0921990028342603
87.30081300813008,-2.0650179846191894
87.2439024390244,-2.0199697236613443
87.1869918699187,-2.0235811876199903
87.130081300813,-2.047150741876415
87.07317073170732,-2.02282087941817
87.01626016260163,-2.0524728992891563
86.95934959349593,-2.0211101859640745
86.90243902439025,-2.059125596055083
86.84552845528455,-2.0610263665596333
86.78861788617886,-2.078133301100587
86.73170731707317,-2.1053143193156583
86.67479674796748,-2.1075952439211183
86.6178861788618,-2.1315449522784538
86.5609756097561,-2.157585508190795
86.5040650406504,-2.1368671096911953
86.44715447154472,-2.1573954311403396
86.39024390243902,-2.1906589149699722
86.33333333333333,-2.18001460014449
86.27642276422765,-2.1710809787731025
86.21951219512195,-2.13743734084256
86.16260162601625,-2.163667973805356
86.10569105691057,-2.173171826328108
86.04878048780488,-2.1929398395754323
85.99186991869918,-2.1750725968326585
85.9349593495935,-2.1518831966771432
85.8780487804878,-2.1598664327962553
85.82113821138212,-2.1566351229385194
85.76422764227642,-2.164618359057631
85.70731707317073,-2.176783290286754
85.65040650406505,-2.1830558329517706
85.59349593495935,-2.1853367575572307
85.53658536585365,-2.195981072382713
85.47967479674797,-2.2109971593686613
85.42276422764228,-2.1948406100799827
85.36585365853658,-2.207195618359561
85.3089430894309,-2.2389384857855528
85.2520325203252,-2.2469217219046644
85.1951219512195,-2.222972013547329
85.13821138211382,-2.222591859446419
85.08130081300813,-2.231525480817806
85.02439024390245,-2.245781259601934
84.96747967479675,-2.240649179239648
84.91056910569105,-2.2415995644919233
84.85365853658537,-2.218790318437318
84.79674796747967,-2.2068154642586504
84.73983739837398,-2.2155590085795827
84.6829268292683,-2.191609300222247
84.6260162601626,-2.2083360806622907
84.5691056910569,-2.217269702033678
84.51219512195122,-2.1919894543231573
84.45528455284553,-2.2022536150477294
84.39837398373983,-2.193319993676343
84.34146341463415,-2.173932134529928
84.28455284552845,-2.196171149433168
84.22764227642277,-2.1824856018004053
84.17073170731707,-2.1632878197044456
84.11382113821138,-2.177163444387664
84.0569105691057,-2.1710809787731025
84.0,-2.179444368993124
83.9430894308943,-2.1815352165481303
83.88617886178862,-2.1705107476217376
83.82926829268293,-2.178113829639939
83.77235772357723,-2.1750725968326585
83.71544715447155,-2.1594862786953453
83.65853658536585,-2.142949575305756
83.60162601626017,-2.164238204956721
83.54471544715447,-2.149982426172593
83.48780487804878,-2.1414289589021163
83.4308943089431,-2.144280114658942
83.3739837398374,-2.1397182654480207
83.3170731707317,-2.140098419548931
83.26016260162602,-2.1397182654480207
83.20325203252033,-2.1345861850857344
83.14634146341463,-2.134966339186645
83.08943089430895,-2.1480816556680424
83.03252032520325,-2.1611969721494404
82.97560975609755,-2.135726647388465
82.91869918699187,-2.13667703264074
82.86178861788618,-2.1437098835075763
82.8048780487805,-2.1203304063016066
82.7479674796748,-2.1477015015671324
82.6910569105691,-2.1433297294066667
82.63414634146342,-2.110446399677944
82.57723577235772,-2.0849760749169683
82.52032520325203,-2.1030333947101973
82.46341463414635,-2.1056944734165683
82.40650406504065,-2.1066448586688433
82.34959349593495,-2.114628094787955
82.29268292682927,-2.1349663391866445
82.23577235772358,-2.128883873572083
82.17886178861788,-2.1345861850857344
82.1219512195122,-2.1345861850857344
82.0650406504065,-2.1509328114248683
82.00813008130082,-2.158345816392615
81.95121951219512,-2.185336757557231
81.89430894308943,-2.2146086233273077
81.83739837398375,-2.1895184526672415
81.78048780487805,-2.1973116117358984
81.72357723577235,-2.195410841231348
81.66666666666667,-2.2108070823182064
81.60975609756098,-2.209476542965021
81.55284552845528,-2.2246827070014246
81.4959349593496,-2.2186002413868633
81.4390243902439,-2.241409487441468
81.3821138211382,-2.222781936496874
81.32520325203252,-2.24787210715694
81.26829268292683,-2.253384341620136
81.21138211382114,-2.259846961335607
81.15447154471545,-2.230575095565531
81.09756097560975,-2.22753386275825
81.04065040650407,-2.2290544791618907
80.98373983739837,-2.2014933068459093
80.92682926829268,-2.2334262513223564
80.869918699187,-2.231525480817806
80.8130081300813,-2.220691088941869
80.7560975609756,-2.2231620905977842
80.69918699186992,-2.213848315125487
80.64227642276423,-2.1885680674149666
80.58536585365853,-2.2254430152032447
80.52845528455285,-2.212707852822757
80.47154471544715,-2.2018734609468193
80.41463414634147,-2.1925596854745226
80.35772357723577,-2.195030687130438
80.30081300813008,-2.1688000541676424
80.2439024390244,-2.1752626738831133
80.1869918699187,-2.167849668915367
80.130081300813,-2.1566351229385194
80.07317073170732,-2.1651885902089965
80.01626016260163,-2.1475114245166775
79.95934959349593,-2.11329755543477
79.90243902439025,-2.1343961080352796
79.84552845528455,-2.1159586341411405
79.78861788617886,-2.118049481696146
79.73170731707317,-2.1421892671039364
79.67479674796748,-2.1340159539343695
79.6178861788618,-2.1288838735720836
79.5609756097561,-2.1258426407648026
79.5040650406504,-2.1304044899757235
79.44715447154472,-2.1300243358748134
79.39024390243902,-2.1328754916316393
79.33333333333333,-2.1256525637143477
79.27642276422765,-2.1197601751502417
79.21951219512195,-2.1191899439988764
79.16260162601625,-2.1319251063793643
79.10569105691057,-2.180584831295855
79.04878048780488,-2.141048804801206
78.99186991869918,-2.1461808851634925
78.9349593495935,-2.158345816392615
78.8780487804878,-2.185146680506776
78.82113821138212,-2.1515030425762336
78.76422764227642,-2.122231176806157
78.70731707317073,-2.1134876324852248
78.65040650406505,-2.109115860324759
78.59349593495935,-2.117859404645691
78.53658536585365,-2.167849668915367
78.47967479674797,-2.2383682546341874
78.42276422764228,-2.2716317384638196
78.36585365853658,-2.3235227732380466
78.3089430894309,-2.3484228668476566
78.2520325203252,-2.3820665047781993
78.1951219512195,-2.4157101427087415
78.13821138211382,-2.4128589869519157
78.08130081300813,-2.3963222835623275
78.02439024390245,-2.3773145785168235
77.96747967479675,-2.370661881750897
77.91056910569105,-2.335687704467169
77.85365853658537,-2.334167088063529
77.79674796747967,-2.3168700764721195
77.73983739837398,-2.2879783648029535
77.6829268292683,-2.290449366458869
77.6260162601626,-2.2444507202487487
77.5691056910569,-2.2282941709600705
77.51219512195122,-2.2159391626804923
77.45528455284553,-2.2205010118914137
77.39837398373983,-2.2174597790841335
77.34146341463415,-2.2149887774282173
77.28455284552845,-2.1950306871304375
77.22764227642277,-2.2130880069236674
77.17073170731707,-2.1893283756167867
77.11382113821138,-2.218600241386863
77.0569105691057,-2.216319316781403
77.0,-2.212707852822757
76.9430894308943,-2.1956009182818033
76.88617886178862,-2.2041543855522803
76.82926829268293,-2.198642151089084
76.77235772357723,-2.199972690442269
76.71544715447155,-2.2243025529005145
76.65853658536585,-2.229624710313255
76.60162601626017,-2.20529484785501
76.54471544715447,-2.2355170988773616
76.48780487804878,-2.2381781775837326
76.4308943089431,-2.2463514907532995
76.3739837398374,-2.266309581051079
76.3170731707317,-2.240078948088283
76.26016260162602,-2.2626981170924325
76.20325203252033,-2.281515745087482
76.14634146341463,-2.2788546663811116
76.08943089430895,-2.259656884285152
76.03252032520325,-2.29729214027525
75.97560975609755,-2.2940608304175147
75.91869918699187,-2.275813433573831
75.86178861788618,-2.2678301974547193
75.8048780487805,-2.286837902500223
75.7479674796748,-2.25053318586331
75.6910569105691,-2.2583263449319673
75.63414634146342,-2.270301199110634
75.57723577235772,-2.2986226796284357
75.52032520325203,-2.3315060093571582
75.46341463414635,-2.313638766614384
75.40650406504065,-2.2982425255275256
75.34959349593495,-2.312878458412564
75.29268292682927,-2.29577152387161
75.23577235772358,-2.2712515843629095
75.17886178861788,-2.2568057285283265
75.1219512195122,-2.2444507202487487
75.0650406504065,-2.2205010118914137
75.00813008130082,-2.2377980234828225
74.95121951219512,-2.253194264569681
74.89430894308943,-2.2575660367301467
74.83739837398375,-2.2672599663033535
74.78048780487805,-2.2706813532115446
74.72357723577235,-2.264218733496073
74.66666666666667,-2.298812756678891
74.60975609756098,-2.3242830814398663
74.55284552845528,-2.3142089977657494
74.4959349593496,-2.332646471659888
74.4390243902439,-2.3482327897972017
74.3821138211382,-2.3529847160585784
74.32520325203252,-2.3662901095904307
74.26829268292683,-2.3603977210263243
74.21138211382114,-2.374083268659087
74.15447154471545,-2.3683809571454364
74.09756097560975,-2.394611590108232
74.04065040650407,-2.3598274898749594
73.98373983739837,-2.3818764277277444
73.92682926829268,-2.349753406200842
73.869918699187,-2.345001479939466
73.8130081300813,-2.321051771582131
73.7560975609756,-2.29387075336706
73.69918699186992,-2.2575660367301467
73.64227642276423,-2.2254430152032447
73.58536585365853,-2.18115506244722
73.52845528455285,-2.1543541983330594
73.47154471544715,-2.13705718674165
73.41463414634147,-2.1245121014116175
73.35772357723577,-2.126412871916168
73.30081300813008,-2.1155784800402304
73.2439024390244,-2.0893478470774345
73.1869918699187,-2.0958104667929063
73.130081300813,-2.0872569995224293
73.07317073170732,-2.0906783864306195
73.01626016260163,-2.097141006146091
72.95934959349593,-2.1102563226274893
72.90243902439025,-2.1332556457325498
72.84552845528455,-2.1245121014116175
72.78861788617886,-2.143899960558032
72.73170731707317,-2.153783967181694
72.67479674796748,-2.1446602687598517
72.6178861788618,-2.1446602687598517
72.5609756097561,-2.151122888475323
72.5040650406504,-2.173551980429018
72.44715447154472,-2.1796344460435795
72.39024390243902,-2.167089360713547
72.33333333333333,-2.1123471701824945
72.27642276422765,-2.123561716159342
72.21951219512195,-2.1332556457325498
72.16260162601625,-2.1100662455770345
72.10569105691057,-2.0844058437656034
72.04878048780488,-2.085166151967424
71.99186991869918,-2.109305937375214
71.9349593495935,-2.0929593110360805
71.8780487804878,-2.1036036258615627
71.82113821138212,-2.118049481696146
71.76422764227642,-2.1292640276729933
71.70731707317073,-2.1435198064571215
71.65040650406505,-2.137627417893015
71.59349593495935,-2.126983103067533
71.53658536585365,-2.168229823016277
71.47967479674797,-2.168229823016277
71.42276422764228,-2.1714611328740125
71.36585365853658,-2.163667973805356
71.3089430894309,-2.209856697065931
71.2520325203252,-2.2083360806622907
71.1951219512195,-2.1902787608690617
71.13821138211382,-2.18077490834631
71.08130081300813,-2.1967413805845335
71.02439024390245,-2.2014933068459093
70.96747967479675,-2.1931299166258875
70.91056910569105,-2.2311453267168964
70.85365853658537,-2.2339964824737217
70.79674796747967,-2.2473018760055745
70.73983739837398,-2.2239223987996044
70.6829268292683,-2.24787210715694
70.6260162601626,-2.2444507202487487
70.5691056910569,-2.2379881005332773
70.51219512195122,-2.2400789480882826
70.45528455284553,-2.262317962991523
70.39837398373983,-2.27315235486746
70.34146341463415,-2.2769538958765607
70.28455284552845,-2.2919699828625095
70.22764227642277,-2.3028043747384466
70.17073170731707,-2.322762465036226
70.11382113821138,-2.3197212322289453
70.0569105691057,-2.333406779861708
70.0,-2.307556300999823
69.9430894308943,-2.289498981206594
69.88617886178862,-2.2832264385415773
69.82926829268293,-2.27239204666564
69.77235772357723,-2.270871430262
69.71544715447155,-2.2492026465101254
69.65853658536585,-2.2691607368079043
69.60162601626017,-2.235897252978272
69.54471544715447,-2.2205010118914137
69.48780487804878,-2.22525293815279
69.4308943089431,-2.185906988708596
69.3739837398374,-2.1598664327962553
69.3170731707317,-2.1163387882420506
69.26016260162602,-2.1170990964438707
69.20325203252033,-2.1172891734943255
69.14634146341463,-2.1017028553570127
69.08943089430895,-2.063307291165094
69.03252032520325,-2.050952282885516
68.97560975609755,-2.0604561354082684
68.91869918699187,-2.0498118205827858
68.86178861788618,-2.0481011271286906
68.8048780487805,-2.015217797399968
68.7479674796748,-1.9884169332858075
68.6910569105691,-2.0055238678267613
68.63414634146342,-2.0150277203495133
68.57723577235772,-1.9986810940103794
68.52032520325203,-2.004953636675396
68.46341463414635,-1.999631479262655
68.40650406504065,-1.9979207858085595
68.34959349593495,-1.9887970873867173
68.29268292682927,-2.009135331785407
68.23577235772358,-1.9851856234280714
68.17886178861788,-1.9756817709053198
68.1219512195122,-1.9441289805297828
68.0650406504065,-1.9296831246951995
68.00813008130082,-1.9251212754842786
67.95121951219512,-1.9498312920434338
67.89430894308943,-1.942988518227052
67.83739837398375,-1.9306335099474747
67.78048780487805,-1.9074441097919594
67.72357723577235,-1.9216998885760876
67.66666666666667,-1.9363358214611257
67.60975609756098,-1.9114357278515153
67.55284552845528,-1.9264518148374636
67.4959349593496,-1.9089647261955998
67.4390243902439,-1.8897669440996407
67.3821138211382,-1.9083944950442346
67.32520325203252,-1.9154273459110713
67.26829268292683,-1.9083944950442344
67.21138211382114,-1.9089647261955998
67.15447154471545,-1.9329144345529352
67.09756097560975,-1.946409905135243
67.04065040650407,-1.9422282100252322
66.98373983739837,-1.9399472854197717
66.92682926829268,-1.9789130807630553
66.869918699187,-1.963136685575287
66.8130081300813,-1.9749214627034994
66.7560975609756,-1.9754916938548643
66.69918699186992,-1.9741611545016793
66.64227642276423,-1.9802436201162408
66.58536585365853,-1.988416933285807
66.52845528455285,-2.0167384138036084
66.47154471544715,-2.02244072531726
66.41463414634147,-2.0232010335190798
66.35772357723577,-2.0657782928210096
66.30081300813008,-2.0809844568574127
66.2439024390244,-2.0819348421096877
66.1869918699187,-2.0984715454992764
66.130081300813,-2.1148181718384103
66.07317073170732,-2.1385778031452904
66.01626016260163,-2.1423793441543917
65.95934959349593,-2.163667973805356
65.90243902439025,-2.1889482215158766
65.84552845528455,-2.18229552474995
65.78861788617886,-2.2125177757723016
65.73170731707317,-2.2256330922537
65.67479674796748,-2.217269702033678
65.6178861788618,-2.216319316781403
65.5609756097561,-2.2014933068459093
65.5040650406504,-2.2035841544009145
65.44715447154472,-2.2090963888641113
65.39024390243902,-2.216319316781403
65.33333333333333,-2.209476542965021
65.27642276422765,-2.1921795313736125
65.21951219512195,-2.1794443689931247
65.16260162601625,-2.180964985396765
65.10569105691057,-2.16005650984671
65.04878048780488,-2.167849668915367
64.99186991869918,-2.159866432796255
64.9349593495935,-2.1629076656035355
64.8780487804878,-2.1530236589798735
64.82113821138212,-2.172411518126288
64.76422764227642,-2.132495337530729
64.70731707317073,-2.1237517932097973
64.65040650406505,-2.1188097898979663
64.59349593495935,-2.1064547816183885
64.53658536585365,-2.1062647045679337
64.47967479674797,-2.1302144129252683
64.42276422764228,-2.0901081552792546
64.36585365853658,-2.0754722223942164
64.3089430894309,-2.1372472637921054
64.2520325203252,-2.1431396523562114
64.1951219512195,-2.134776262136189
64.13821138211382,-2.1199502522006965
64.08130081300813,-2.1170990964438707
64.02439024390245,-2.169370285319007
63.96747967479675,-2.1391480342966562
63.91056910569106,-2.171651209924468
63.853658536585364,-2.194650533029528
63.796747967479675,-2.194460455979073
63.739837398373986,-2.190468837919517
63.68292682926829,-2.177163444387664
63.6260162601626,-2.193319993676343
63.56910569105691,-2.176783290286754
63.51219512195122,-2.185526834607686
63.45528455284553,-2.1796344460435795
63.39837398373984,-2.1507427343744134
63.34146341463415,-2.1328754916316393
63.28455284552845,-2.1480816556680424
63.22764227642276,-2.122231176806157
63.170731707317074,-2.103413548811108
63.113821138211385,-2.09067838643062
63.05691056910569,-2.1020830094579224
63.0,-2.090868463481075
62.94308943089431,-2.0709103731832954
62.886178861788615,-2.103413548811108
62.829268292682926,-2.0937196192379006
62.77235772357724,-2.0838356126142386
62.71544715447155,-2.0996120078020066
62.65853658536585,-2.108925783274304
62.60162601626016,-2.1072150898202087
62.54471544715447,-2.0965707749947264
62.48780487804878,-2.0961906208938164
62.43089430894309,-2.0642576764173692
62.3739837398374,-2.0809844568574127
62.31707317073171,-2.0629271370641837
62.260162601626014,-2.040688122160944
62.203252032520325,-2.0494316664818757
62.146341463414636,-2.06729890922465
62.08943089430894,-2.089728001178345
62.03252032520325,-2.051332436986426
61.97560975609756,-2.0209201089136197
61.91869918699187,-2.0125567186935975
61.86178861788618,-2.0376468893536632
61.80487804878049,-2.006854407179947
61.7479674796748,-1.973020692198949
61.6910569105691,-1.9811940053685158
61.63414634146341,-1.9770123102585047
61.577235772357724,-1.969029074139393
61.520325203252035,-1.9572442970111805
61.46341463414634,-1.935575513259306
61.40650406504065,-1.9498312920434338
61.34959349593496,-1.9532526789516247
61.292682926829265,-1.913336498356066
61.235772357723576,-1.8829241702832589
61.17886178861789,-1.8665775439441257
61.1219512195122,-1.914476960658796
61.0650406504065,-1.8880562506455452
61.00813008130081,-1.8308430584585775
60.951219512195124,-1.8489003782518065
60.89430894308943,-1.8796928604255234
60.83739837398374,-1.855172920916823
60.78048780487805,-1.8287522109035723
60.72357723577236,-1.8302728273072126
60.666666666666664,-1.8603050012791094
60.609756097560975,-1.9025021064801286
60.552845528455286,-1.9036425687828586
60.49593495934959,-1.8715195472559565
60.4390243902439,-1.9025021064801286
60.38211382113821,-1.955913757657995
60.32520325203252,-1.9372862067134011
60.26829268292683,-1.9300632787961094
60.21138211382114,-1.9182785016678967
60.15447154471545,-1.950971754346164
60.09756097560975,-1.959335144566186
60.040650406504064,-1.951351908447074
59.983739837398375,-1.9270220459888288
59.926829268292686,-1.940137362470227
59.86991869918699,-1.9483106756397934
59.8130081300813,-1.9431785952775076
59.75609756097561,-1.9268319689383737
59.699186991869915,-1.8631561570359345
59.642276422764226,-1.9025021064801286
59.58536585365854,-1.9061135704387742
59.52845528455285,-1.8757012423659676
59.47154471544715,-1.8171575108258147
59.41463414634146,-1.7808527941889014
59.357723577235774,-1.804612425495782
59.300813008130085,-1.7935879565693895
59.24390243902439,-1.7816131023907218
59.1869918699187,-1.755382469427926
59.13008130081301,-1.718887675740558
59.073170731707314,-1.7761008679275256
59.016260162601625,-1.738085457836517
58.959349593495936,-1.692086811626397
58.90243902439025,-1.6915165804750323
58.84552845528455,-1.720218215093743
58.78861788617886,-1.7261106036578495
58.73170731707317,-1.732763300423776
58.67479674796748,-1.7120449019241766
58.61788617886179,-1.7434076152492584
58.5609756097561,-1.7576633940333866
58.50406504065041,-1.7662168613038631
58.447154471544714,-1.7559527005792912
58.390243902439025,-1.7413167676942527
58.333333333333336,-1.723449524951479
58.27642276422764,-1.7310526069696806
58.21951219512195,-1.6911364263741218
58.16260162601626,-1.7080532838646205
58.10569105691057,-1.7320029922219558
58.048780487804876,-1.692086811626397
57.99186991869919,-1.7042517428555197
57.9349593495935,-1.687334885365021
57.8780487804878,-1.7211686003460185
57.82113821138211,-1.7082433609150753
57.764227642276424,-1.7253502954560294
57.707317073170735,-1.7036815117041544
57.65040650406504,-1.7251602184055743
57.59349593495935,-1.7141357494791818
57.53658536585366,-1.6998799706950536
57.479674796747965,-1.6858142689613806
57.422764227642276,-1.6635752540581408
57.36585365853659,-1.6457080113153666
57.3089430894309,-1.6527408621822033
57.2520325203252,-1.6322125407330585
57.19512195121951,-1.6090231405775437
57.13821138211382,-1.5769001190506415
57.08130081300813,-1.5715779616379004
57.02439024390244,-1.5367938614046277
56.96747967479675,-1.4932662168504232
56.91056910569106,-1.484522672529491
56.853658536585364,-1.4674157379885375
56.796747967479675,-1.469696662593998
56.739837398373986,-1.4297804819984392
56.68292682926829,-1.4065910818429241
56.6260162601626,-1.3801703718296732
56.56910569105691,-1.352609199513692
56.51219512195122,-1.3128830959685882
56.45528455284553,-1.2672646038593784
56.39837398373984,-1.2621325234970922
56.34146341463415,-1.216133877286972
56.28455284552845,-1.1631023802100153
56.22764227642276,-1.1372519013481295
56.170731707317074,-1.1095006519816935
56.113821138211385,-1.080038709161162
56.05691056910569,-1.0671134697302191
56.0,-1.0458248400792545
55.94308943089431,-1.0100903545937066
55.886178861788615,-0.9956444987591233
55.829268292682926,-0.9753062543604338
55.77235772357724,-0.9201839097284719
55.71544715447155,-0.9114403654075399
55.65853658536585,-0.8920525062611256
55.60162601626016,-0.8739951864678965
55.54471544715447,-0.8749455717201718
55.48780487804878,-0.8646814109955995
55.43089430894309,-0.8422523190419046
55.3739837398374,-0.8424423960923596
55.31707317073171,-0.8414920108400844
55.260162601626014,-0.8167819942809289
55.203252032520325,-0.8000552138408853
55.146341463414636,-0.7871299744099424
55.08943089430894,-0.7567176463371356
55.03252032520325,-0.7354290166861709
54.97560975609756,-0.735429016686171
54.91869918699187,-0.7274457805670593
54.86178861788618,-0.7200327755993126
54.80487804878049,-0.7306770904247949
54.7479674796748,-0.7202228526497677
54.6910569105691,-0.7107190001270155
54.63414634146341,-0.712999924732476
54.577235772357724,-0.7175617739433972
54.520325203252035,-0.7046365345124542
54.46341463414634,-0.6841082130633097
54.40650406504065,-0.6736539752882824
54.34959349593496,-0.6373492586513693
54.292682926829265,-0.6341179487936337
54.235772357723576,-0.6118789338903937
54.17886178861789,-0.603895697771282
54.1219512195122,-0.5890696878357887
54.0650406504065,-0.5607482073179875
54.00813008130081,-0.513609098805137
53.951219512195124,-0.47901507562231943
53.89430894308943,-0.49232046915417244
53.83739837398374,-0.45582567546680436
53.78048780487805,-0.4248431162426325
53.72357723577236,-0.3887284766561745
53.666666666666664,-0.3558451469274522
53.609756097560975,-0.36458869124838417
53.552845528455286,-0.34253975339559933
53.49593495934959,-0.3326557467719371
53.4390243902439,-0.3153587351805283
53.38211382113821,-0.3252427418041905
53.32520325203252,-0.28266548250226115
53.26829268292683,-0.2539638478835498
53.21138211382114,-0.2159484377925414
53.15447154471545,-0.182304799861999
53.09756097560975,-0.16253678661467463
53.040650406504064,-0.12090991256502044
52.983739837398375,-0.07890288441445618
52.926829268292686,-0.052482174401205346
52.86991869918699,-0.06502725973123812
52.8130081300813,0.023928799881721502
52.75609756097561,0.024689108083541664
52.699186991869915,0.05129989514724753
52.642276422764226,0.07715037400913323
52.58536585365854,0.1328429497924605
52.52845528455285,0.18606452391987224
52.47154471544715,0.20260122730946092
52.41463414634146,0.23282347833181252
52.357723577235774,0.2679877326659953
52.300813008130085,0.28319389670239864
52.24390243902439,0.28851605411513986
52.1869918699187,0.3215894608943171
52.13008130081301,0.3516216348662138
52.073170731707314,0.370819416962173
52.016260162601625,0.35694379227895495
51.959349593495936,0.3744308809208188
51.90243902439025,0.4229005287868545
51.84552845528455,0.4502716240523805
51.78861788617886,0.4612960929787729
51.73170731707317,0.47441140946017085
51.67479674796748,0.5249719048812119
51.61788617886179,0.5546239247521986
51.5609756097561,0.5918790266413868
51.50406504065041,0.6114569628382561
51.447154471544714,0.638257826952417
51.390243902439025,0.6251425104710191
51.333333333333336,0.6219112006132833
51.27642276422764,0.6152585038473569
51.21951219512195,0.6274234350764797
51.16260162601626,0.6629678435115726
51.10569105691057,0.6392082122046923
51.048780487804876,0.6612571500574771
50.99186991869919,0.6905290158275535
50.9349593495935,0.6764633140938804
50.8780487804878,0.6553647614933708
50.82113821138211,0.7158092635380742
50.764227642276424,0.7332963521799379
50.707317073170735,0.7405192800972294
50.65040650406504,0.769601068816851
50.59349593495935,0.8051454772519439
50.53658536585366,0.8454418119484126
50.479674796747965,0.8992336172271896
50.422764227642276,0.8948618450667235
50.36585365853659,0.9300260994009063
50.3089430894309,0.942000953579574
50.2520325203252,0.9522651143041463
50.19512195121951,0.9625292750287185
50.13821138211382,0.9881896768401491
50.08130081300813,1.0071973818856534
50.02439024390244,1.0621296494671604
49.96747967479675,1.1056572940213651
49.91056910569106,1.1393009319519074
49.853658536585364,1.1491849385755697
49.796747967479675,1.1645811796624281
49.739837398373986,1.1965141241388753
49.68292682926829,1.1797873436988315
49.6260162601626,1.1953736618361448
49.56910569105691,1.2065882078129924
49.51219512195122,1.2389013063903491
49.45528455284553,1.263611322949505
49.39837398373984,1.2934534198709464
49.34146341463415,1.2957343444764071
49.28455284552845,1.327287134851944
49.22764227642276,1.3784178614243503
49.170731707317074,1.404838571437601
49.113821138211385,1.4339203601572226
49.05691056910569,1.496265632706476
49.0,1.5513879773384385
48.94308943089431,1.5878827710258065
48.886178861788615,1.6099317088785916
48.829268292682926,1.6595418190473572
48.77235772357724,1.7047801570556576
48.71544715447155,1.740134488440295
48.65853658536585,1.772637664068107
48.60162601626016,1.7874636740036003
48.54471544715447,1.839164631727372
48.48780487804878,1.8513295629564945
48.43089430894309,1.8826922762815765
48.3739837398374,1.897708363267525
48.31707317073171,1.9440871635785548
48.260162601626014,1.972788798197266
48.203252032520325,2.0151759804487406
48.146341463414636,2.047679156076553
48.08943089430894,2.0412165363610817
48.03252032520325,2.0476791560765526
47.97560975609756,2.068017400475242
47.91869918699187,2.117057279492643
47.86178861788618,2.1231397451072045
47.80487804878049,2.092347262933488
47.7479674796748,2.07885179235118
47.6910569105691,2.120098512299924
47.63414634146341,2.1016610384057848
47.577235772357724,2.1212389746026545
47.520325203252035,2.124660361510845
47.46341463414634,2.141767296051799
47.40650406504065,2.1776918585878016
47.34959349593496,2.1814933995969024
47.292682926829265,2.188146096362829
47.235772357723576,2.217037808031995
47.17886178861789,2.225021044151107
47.1219512195122,2.2598051443843796
47.0650406504065,2.3111259480072412
47.00813008130081,2.3409680449286827
46.951219512195124,2.3843056124324318
46.89430894308943,2.4377172636102986
46.83739837398374,2.4802945229122284
46.78048780487805,2.5120373903382203
46.72357723577236,2.528193939626899
46.666666666666664,2.5612673464060762
46.609756097560975,2.5966216777907136
46.552845528455286,2.6123980729784826
46.49593495934959,2.6568761027849623
46.4390243902439,2.6456615568081148
46.38211382113821,2.6732227291240958
46.32520325203252,2.6755036537295567
46.26829268292683,2.690139586614595
46.21138211382114,2.7030648260455377
46.15447154471545,2.7167503736783005
46.09756097560975,2.73708861807699
46.040650406504064,2.7374687721779
45.983739837398375,2.7503940116088423
45.926829268292686,2.7513443968611178
45.86991869918699,2.7771948757230036
45.8130081300813,2.795822426667598
45.75609756097561,2.7853681888925705
45.699186991869915,2.811408744804911
45.642276422764226,2.838019531868617
45.58536585365854,2.868621936991879
45.52845528455285,2.8830677928264623
45.47154471544715,2.9026457290233316
45.41463414634146,2.9073976552847074
45.357723577235774,2.941991678467525
45.300813008130085,2.965371155673495
45.24390243902439,2.968982619632141
45.1869918699187,2.9640406163203097
45.13008130081301,2.992742250939021
45.073170731707314,3.024104964264103
45.016260162601625,3.0275263511722943
44.959349593495936,3.060029526800106
44.90243902439025,3.0556577546396397
44.84552845528455,3.0636409907587523
44.78861788617886,3.084549466308806
44.73170731707317,3.10241670905158
44.67479674796748,3.1373908863353086
44.61788617886179,3.158869593036728
44.5609756097561,3.163241365197194
44.50406504065041,3.1870009965040738
44.447154471544714,3.2276774853014527
44.390243902439025,3.224826329544628
44.333333333333336,3.2508668854569684
44.27642276422764,3.292493759506622
44.21951219512195,3.3086503087953005
44.16260162601626,3.3379221745653775
44.10569105691057,3.3550291091063316
44.048780487804876,3.3704253501931896
43.99186991869919,3.3939949044496145
43.9349593495935,3.4329606997928983
43.8780487804878,3.477058575498468
43.82113821138211,3.48390134931485
43.764227642276424,3.4966365116953377
43.707317073170735,3.549097777620929
43.65040650406504,3.6004185812437903
43.59349593495935,3.615244591179284
43.53658536585366,3.6277896765093165
43.479674796747965,3.6384339913347987
43.422764227642276,3.6720776292653414
43.36585365853659,3.706671652448159
43.3089430894309,3.743356523185982
43.2520325203252,3.7416458297318864
43.19512195121951,3.757422224919655
43.13821138211382,3.784223089033816
43.08130081300813,3.7792810857219847
43.02439024390244,3.7781406234192545
42.96747967479675,3.788404784143827
42.91056910569106,3.813875108904803
42.853658536585364,3.8505599796426253
42.796747967479675,3.8714684551926797
42.739837398373986,3.8486592091380754
42.68292682926829,3.8807822306649773
42.6260162601626,3.885534156926353
42.56910569105691,3.911764789889149
42.51219512195122,3.9258304916228224
42.45528455284553,3.93704503759967
42.39837398373984,3.990456688777536
42.34146341463415,3.978291757548414
42.28455284552845,4.010034624974406
42.22764227642276,4.015166705336692
42.170731707317074,4.090437217316889
42.113821138211385,4.114006771573314
42.05691056910569,4.143088560292934
42.0,4.138716788132469
41.94308943089431,4.161335957136619
41.886178861788615,4.167608499801635
41.829268292682926,4.187566590099415
41.77235772357724,4.199921598378992
41.71544715447155,4.204673524640369
41.65853658536585,4.205433832842189
41.60162601626016,4.223681229685873
41.54471544715447,4.244589705235928
41.48780487804878,4.227102616594063
41.43089430894309,4.280894421872841
41.3739837398374,4.313017443399743
41.31707317073171,4.352553469894391
41.260162601626014,4.338677845211174
41.203252032520325,4.346661081330285
41.146341463414636,4.39208949638904
41.08943089430894,4.446451532819181
41.03252032520325,4.508036497166615
40.97560975609756,4.537498439987147
40.91869918699187,4.613909414270073
40.86178861788618,4.6530652866638125
40.80487804878049,4.696212777117107
40.7479674796748,4.737649574116307
40.6910569105691,4.799804769615105
40.63414634146341,4.8245147861742605
40.577235772357724,4.856447730650707
40.520325203252035,4.910619690030394
40.46341463414634,4.93609001479137
40.40650406504065,4.964981726460536
40.34959349593496,4.996344439785617
40.292682926829265,5.022955226849324
40.235772357723576,5.049756090963485
40.17886178861789,5.059450020536693
40.1219512195122,5.102217356889077
40.0650406504065,5.125026602943682
40.00813008130081,5.145554924392826
39.951219512195124,5.134150301365524
39.89430894308943,5.1531580064110285
39.83739837398374,5.186231413190206
39.78048780487805,5.16076108842923
39.72357723577236,5.177868022970183
39.666666666666664,5.204858964134799
39.609756097560975,5.218924665868472
39.552845528455286,5.234510984005786
39.49593495934959,5.259221000564941
39.4390243902439,5.269295084239058
39.38211382113821,5.284881402376372
39.32520325203252,5.306170032027336
39.26829268292683,5.36357330126476
39.21138211382114,5.400638326103493
39.15447154471545,5.391134473580741
39.09756097560975,5.3654740717693095
39.040650406504064,5.352168678237457
38.983739837398375,5.383151237461629
38.926829268292686,5.368325227526135
38.86991869918699,5.349317522480631
38.8130081300813,5.356540450397922
38.75609756097561,5.36395345536567
38.699186991869915,5.3698458439297765
38.642276422764226,5.381060389906622
38.58536585365854,5.405010098263958
38.52845528455285,5.420026185249907
38.47154471544715,5.446256818212703
38.41463414634146,5.473437836427774
38.357723577235774,5.526659410555186
38.300813008130085,5.570757286260755
38.24390243902439,5.622078089883616
38.1869918699187,5.701340219923369
38.13008130081301,5.723199080725699
38.073170731707314,5.741826631670293
38.016260162601625,5.7861145844263175
37.959349593495936,5.862525558709244
37.90243902439025,5.909284513121185
37.84552845528455,5.945779306808553
37.78861788617886,5.964216780702692
37.73170731707317,6.016107815476919
37.67479674796748,6.076742394572077
37.61788617886179,6.091758481558024
37.5609756097561,6.115518112864905
37.50406504065041,6.146310595038622
37.447154471544714,6.18052446412053
37.390243902439025,6.189268008441462
37.333333333333336,6.207325328234691
37.27642276422764,6.242679659619327
37.21951219512195,6.255224744949362
37.16260162601626,6.281455377912157
37.10569105691057,6.30008292885675
37.048780487804876,6.301983699361301
36.99186991869919,6.31661963224634
36.9349593495935,6.347982345571421
36.8780487804878,6.370221360474662
36.82113821138211,6.377254211341498
36.764227642276424,6.428384937913904
36.707317073170735,6.489969902261337
36.65040650406504,6.497002753128174
36.59349593495935,6.4985233695318145
36.53658536585366,6.535018163219182
36.479674796747965,6.572273265108371
36.422764227642276,6.6150406014607555
36.36585365853659,6.632337613052164
36.3089430894309,6.630816996648524
36.2520325203252,6.648874316441753
36.19512195121951,6.72566544482559
36.13821138211382,6.738780761306987
36.08130081300813,6.745243381022459
36.02439024390244,6.785919869819838
35.96747967479675,6.831728438979503
35.91056910569106,6.863851460506406
35.853658536585364,6.8862805524601
35.796747967479675,6.918023419886093
35.739837398373986,6.946915131555259
35.68292682926829,7.050887278154167
35.6260162601626,7.074076678309681
35.56910569105691,7.11323255070342
35.51219512195122,7.129389099992099
35.45528455284553,7.197816838155913
35.39837398373984,7.24324525321467
35.34146341463415,7.278219430498397
35.28455284552845,7.326118847213067
35.22764227642276,7.391125198468692
35.170731707317074,7.47361863836618
35.113821138211385,7.4620239382884215
35.05691056910569,7.475329331820276
35.0,7.551930383153658
34.94308943089431,7.656092606803019
34.886178861788615,7.704182100568144
34.829268292682926,7.744668512315069
34.77235772357724,7.7779319961447015
34.71544715447155,7.90832485275686
34.65853658536585,7.916308088875972
34.60162601626016,7.93094402176101
34.54471544715447,7.92714248075191
34.48780487804878,8.049742178295412
34.43089430894309,8.097451517959627
34.3739837398374,8.106385139331016
34.31707317073171,8.171011336485728
34.260162601626014,8.224422987663594
34.203252032520325,8.317180588285655
34.146341463414636,8.35994792463804
34.08943089430894,8.413739729916818
34.03252032520325,8.415260346320457
33.97560975609756,8.497373632117036
33.91869918699187,8.58271822777135
33.86178861788618,8.574734991652237
33.80487804878049,8.58651976878045
33.7479674796748,8.672434595586129
33.6910569105691,8.745044028859956
33.63414634146341,8.687450682572077
33.577235772357724,8.69771484329665
33.520325203252035,8.750556263323151
33.46341463414634,8.851677254165233
33.40650406504065,8.85414825582115
33.34959349593496,8.821835157243791
33.292682926829265,8.85871010503207
33.235772357723576,8.958120402420057
33.17886178861789,8.99784650596516
33.1219512195122,8.99404496495606
33.0650406504065,9.023316830726136
33.00813008130081,9.136032521645976
32.951219512195124,9.171386853030613
32.89430894308943,9.193245713832944
32.83739837398374,9.201419027002512
32.78048780487805,9.24209551579989
32.72357723577236,9.364124982192028
32.666666666666664,9.431222181002658
32.609756097560975,9.400619775879395
32.552845528455286,9.38921515285209
32.49593495934959,9.482733061675972
32.4390243902439,9.563895962220277
32.38211382113821,9.566557040926646
32.32520325203252,9.5346240964502
32.26829268292683,9.622439693760429
32.21138211382114,9.703982748405641
32.15447154471545,9.746369930657117
32.09756097560975,9.749791317565307
32.040650406504064,9.75663409138169
31.983739837398375,9.872771169209718
31.926829268292682,9.94823175824037
31.869918699186993,9.972941774799526
31.8130081300813,10.006205258629159
31.75609756097561,10.043840514619255
31.69918699186992,10.226504560106552
31.642276422764226,10.346063024842774
31.585365853658537,10.379136431621951
31.528455284552845,10.384458589034692
31.471544715447155,10.513140752192754
31.414634146341463,10.57320510013655
31.357723577235774,10.590692188778412
31.30081300813008,10.58575018546658
31.24390243902439,10.666532931909973
31.1869918699187,10.755488991522933
31.130081300813007,10.823726652636296
31.073170731707318,10.827908347746304
31.016260162601625,10.861361908626392
30.959349593495936,10.983011220917618
30.902439024390244,11.0388938737514
30.84552845528455,11.11017276767204
30.788617886178862,11.17004703856538
30.73170731707317,11.237904545577829
30.67479674796748,11.369627941543174
30.617886178861788,11.458774078206588
30.5609756097561,11.544118673860902
30.504065040650406,11.588026472516015
30.447154471544714,11.711766632362249
30.390243902439025,11.718609406178631
30.333333333333332,11.810606698598873
30.276422764227643,11.906025377927302
30.21951219512195,12.009047139273937
30.16260162601626,12.088689423414598
30.10569105691057,12.18448825684394
30.048780487804876,12.274584778759627
29.991869918699187,12.36924314988624
29.934959349593495,12.526436870612558
29.878048780487806,12.597145533381834
29.821138211382113,12.71841469157215
29.764227642276424,12.845386161276119
29.70731707317073,12.912103205985838
29.650406504065042,12.980150790048745
29.59349593495935,13.110543646660902
29.536585365853657,13.198929475122497
29.479674796747968,13.36562704837157
29.422764227642276,13.412766156884421
29.365853658536587,13.48138397209869
29.308943089430894,13.561976641491627
29.252032520325205,13.720120747470224
29.195121951219512,13.809647038234546
29.13821138211382,13.937758970241246
29.08130081300813,14.028995954459665
29.024390243902438,14.182007980075975
28.96747967479675,14.298905366105823
28.910569105691057,14.407439361915655
28.853658536585368,14.580599554880196
28.796747967479675,14.714603875451
28.739837398373982,14.88985491597055
28.682926829268293,15.044577635040953
28.6260162601626,15.235985224849182
28.56910569105691,15.388236942263672
28.51219512195122,15.484035775693014
28.45528455284553,15.66612959002894
28.398373983739837,15.800704141751112
28.341463414634145,15.969872716656099
28.284552845528456,16.11395112090102
28.227642276422763,16.2941441647324
28.170731707317074,16.45780050517419
28.11382113821138,16.597697214309104
28.056910569105693,16.7879643418146
28.0,16.919877814830397
27.943089430894307,17.074410456850348
27.88617886178862,17.20765446921933
27.829268292682926,17.305163996102767
27.772357723577237,17.453424095457702
27.715447154471544,17.57925510285894
27.658536585365855,17.699003644645614
27.601626016260163,17.84061104723462
27.54471544715447,17.98050775636953
27.48780487804878,18.17837796589323
27.43089430894309,18.318844906179507
27.3739837398374,18.47679893510765
27.317073170731707,18.666305754411322
27.260162601626018,18.86189503932956
27.203252032520325,19.037716311000477
27.146341463414632,19.197761187483618
27.089430894308943,19.343170131081727
27.03252032520325,19.543891496362253
26.975609756097562,19.787190120944704
26.91869918699187,19.953317463042413
26.86178861788618,20.121535652695126
26.804878048780488,20.404750457873135
26.747967479674795,20.623339065896435
26.691056910569106,20.834894823052895
26.634146341463413,21.010145863572443
26.577235772357724,21.260097184920827
26.520325203252032,21.49313164877871
26.463414634146343,21.689481241898765
26.40650406504065,21.900846922004774
26.349593495934958,22.213143515902413
26.29268292682927,22.461384143796693
26.235772357723576,22.66229558612767
26.178861788617887,22.86320702845865
26.121951219512194,23.15383483860441
26.065040650406505,23.556227954417732
26.008130081300813,23.83088929232527
25.951219512195124,24.192035688189847
25.89430894308943,24.48627496229425
25.83739837398374,24.785836393811397
25.78048780487805,25.062018348122574
25.723577235772357,25.291251270971355
25.666666666666668,25.550136213691122
25.609756097560975,25.867754965001495
25.552845528455286,26.179291250697315
25.495934959349594,26.441977734426178
25.4390243902439,26.655624339137642
25.382113821138212,26.967540778934367
25.32520325203252,27.324885633789847
25.26829268292683,27.547275782822243
25.211382113821138,27.933512349346895
25.15447154471545,28.212925613515807
25.097560975609756,28.53529629108756
25.040650406504064,28.83333710620106
24.983739837398375,29.119022913034993
24.926829268292682,29.4868220056655
24.869918699186993,29.725748858087485
24.8130081300813,29.904991516666588
24.75609756097561,30.14657944779495
24.69918699186992,30.46914020241715
24.642276422764226,30.9441427515043
24.585365853658537,31.436632389233313
24.528455284552845,31.7960680916438
24.471544715447155,32.04202779493262
24.414634146341463,32.43073536311319
24.357723577235774,32.77040305227634
24.30081300813008,33.01883375722108
24.24390243902439,33.30185848534864
24.1869918699187,33.702730984758325
24.130081300813007,34.150742592680864
24.073170731707318,34.550854783888724
24.016260162601625,34.93386004055563
23.959349593495936,35.30660113649797
23.902439024390244,35.72515080159997
23.84552845528455,36.391560940495346
23.788617886178862,36.83330000575287
23.73170731707317,37.298988779367725
23.67479674796748,37.67819249502553
23.617886178861788,38.29594290900442
23.5609756097561,38.78101954176568
23.504065040650406,39.29821919605385
23.447154471544714,39.749272036783665
23.390243902439025,40.333949043983374
23.333333333333332,41.044266981533866
23.276422764227643,41.53941769796925
23.21951219512195,42.00681716503819
23.16260162601626,42.6912846237268
23.10569105691057,43.43638666151057
23.048780487804876,44.075235628089956
22.991869918699187,44.71294413236663
22.934959349593495,45.29286921330496
22.878048780487806,46.125976925449415
22.821138211382113,46.702100465378635
22.764227642276424,47.42971541452054
22.70731707317073,48.04233374813714
22.650406504065042,48.61294505360318
22.59349593495935,49.17139142784009
22.536585365853657,49.552685991052904
22.479674796747968,49.96610357579262
22.422764227642276,50.594878458697906
22.365853658536587,50.86953979660544
22.308943089430894,51.14268051810933
22.252032520325205,51.70055666119489
22.195121951219512,52.21604562202896
22.13821138211382,52.89424053805254
22.08130081300813,53.42094404486346
22.024390243902438,53.86344341832281
21.96747967479675,54.305942791782144
21.910569105691057,54.66119679908261
21.853658536585368,55.37835751044948
21.796747967479675,55.93091149612229
21.739837398373982,56.30080143630781
21.682926829268293,56.689889158589274
21.6260162601626,57.0339286199129
21.56910569105691,57.44886682105625
21.51219512195122,57.59123453184708
21.45528455284553,57.777890195393944
21.398373983739837,57.85601186313096
21.341463414634145,58.02004835767366
21.284552845528456,58.15481298644628
21.227642276422763,58.3327251056722
21.170731707317074,58.30839524321396
21.11382113821138,58.163366453716755
21.056910569105693,58.163936684868126
21.0,58.19529939819321
20.943089430894307,58.522612079076794
20.88617886178862,58.57906496306194
20.829268292682926,58.533446470952725
20.772357723577237,58.602634517318364
20.715447154471544,58.55283433009914
20.658536585365855,58.55207402189732
20.601626016260163,58.72561436896277
20.54471544715447,58.884138629042276
20.48780487804878,59.05881943841047
20.43089430894309,59.0040772478794
20.3739837398374,58.96682214599022
20.317073170731707,59.15043657672979
20.260162601626018,59.40304897678454
20.203252032520325,59.67352861958207
20.146341463414632,59.640265135752436
20.089430894308943,59.48478210848021
20.03252032520325,59.35381902071669
19.975609756097562,59.32150592213933
19.91869918699187,59.36788472245036
19.86178861788618,59.60662149782189
19.804878048780488,59.744617436452266
19.747967479674795,59.83870557642749
19.691056910569106,59.88641491609172
19.634146341463413,60.07478127309266
19.577235772357724,60.21562836747986
19.520325203252032,60.420911581971296
19.463414634146343,60.44296051982408
19.40650406504065,60.395441257210315
19.349593495934958,60.609468016022696
19.29268292682927,60.64463227035688
19.235772357723576,60.65052465892099
19.178861788617887,60.73834025623122
19.121951219512194,60.92727684438353
19.065040650406505,61.15023722456729
19.008130081300813,61.087131643816214
18.951219512195124,60.996464890749166
18.89430894308943,61.01395197939102
18.83739837398374,60.95635863310315
18.78048780487805,61.235581820221604
18.723577235772357,61.42622910182801
18.666666666666668,61.46101320206128
18.609756097560975,61.557382266642
18.552845528455286,61.660213950938164
18.495934959349594,61.67370942152047
18.4390243902439,61.74707916299611
18.382113821138212,61.95863492015258
18.32520325203252,62.26770020419247
18.26829268292683,62.29697206996256
18.211382113821138,62.29545145355891
18.15447154471545,62.333466863649925
18.097560975609756,62.51594083208676
18.040650406504064,62.68168802008356
17.983739837398375,62.81721295705801
17.926829268292682,62.8113205684939
17.869918699186993,62.96357228590839
17.8130081300813,63.070585665314574
17.75609756097561,63.22701907783908
17.69918699186992,63.37128755913446
17.642276422764226,63.50814303546209
17.585365853658537,63.749540889539986
17.528455284552845,63.918709464444966
17.471544715447155,63.97307150087511
17.414634146341463,64.09890250827635
17.357723577235774,64.2682611602318
17.30081300813008,64.36710122646842
17.24390243902439,64.5058574733006
17.1869918699187,64.56193020318483
17.130081300813007,64.70505822217748
17.073170731707318,64.85730993959197
17.016260162601625,64.84305416080785
16.959349593495936,65.03199074896015
16.902439024390244,65.19032493198921
16.84552845528455,65.29809861959721
16.788617886178862,65.49197721106135
16.73170731707317,65.66665802042954
16.67479674796748,65.83753728878862
16.617886178861788,65.9704011470567
16.5609756097561,66.05954728372012
16.504065040650406,66.27813589174342
16.447154471544714,66.40073558928691
16.390243902439025,66.59746533650788
16.333333333333332,66.86984574980995
16.276422764227643,67.08919466603508
16.21951219512195,67.09014505128734
16.16260162601626,67.19069581097807
16.10569105691057,67.31557643312702
16.048780487804876,67.3952187172677
15.991869918699187,67.46668768823878
15.934959349593496,67.66683882236795
15.878048780487806,67.75522465082953
15.821138211382113,67.74914218521498
15.764227642276422,67.84113947763522
15.707317073170731,68.03330737564526
15.65040650406504,68.18688963241294
15.59349593495935,68.351496358107
15.536585365853659,68.44729519153636
15.479674796747968,68.56818419562575
15.422764227642276,68.67443726683013
15.365853658536585,68.75712078377806
15.308943089430894,68.7561703985258
15.252032520325203,68.66873495531648
15.195121951219512,68.75712078377806
15.138211382113822,68.8567211582165
15.08130081300813,68.91830612256395
15.024390243902438,68.99300640339277
14.967479674796747,69.08215254005619
14.910569105691057,69.26462650849302
14.853658536585366,69.50184266746093
14.796747967479675,69.68431663589776
14.739837398373984,69.78163608573074
14.682926829268293,69.95631689509892
14.626016260162602,70.06903258601876
14.56910569105691,70.13574963072848
14.512195121951219,70.1817482769386
