----isotherm parameters----
start time: ,2022-11-30 13:51:41.409098+00:00
end time: ,2022-11-30 13:54:52.980683+00:00
number of smooting values: ,1
total sample steps: ,2000
stepper delay: ,0.001
area_change_expected: ,1.4e+18
molecules deposited: ,1.23e+16
----isotherm data----
area_per_molecule (Ang^2/molecule),surface pressure (mN/m)
128.27642276422765,0.45483347326330154
128.21951219512195,0.4445693125387293
128.16260162601625,0.4445693125387293
128.10569105691056,0.43031353375460113
128.0487804878049,0.43031353375460113
127.99186991869918,0.4257516845436801
127.9349593495935,0.420619604181394
127.8780487804878,0.42632191569504524
127.82113821138212,0.4291730714518709
127.76422764227642,0.4365860764196175
127.70731707317073,0.4365860764196175
127.65040650406505,0.4166279861218381
127.59349593495935,0.40636382539726584
127.53658536585365,0.40636382539726584
127.47967479674797,0.375571343223549
127.42276422764228,0.375571343223549
127.36585365853658,0.375571343223549
127.3089430894309,0.36929880055853265
127.2520325203252,0.36929880055853265
127.1951219512195,0.38412481049402597
127.13821138211382,0.40522336309453566
127.08130081300813,0.40522336309453566
127.02439024390245,0.39267827776450287
126.96747967479675,0.3801331924344701
126.91056910569105,0.36017510213669063
126.85365853658537,0.3396467806875461
126.79674796747967,0.33394446917389486
126.73983739837398,0.32082915269249696
126.6829268292683,0.316267303481576
126.6260162601626,0.316267303481576
126.5691056910569,0.31968869038976677
126.51219512195122,0.3276719265088785
126.45528455284553,0.32596123305478314
126.39837398373983,0.32596123305478314
126.34146341463415,0.3305230822657041
126.28455284552845,0.3305230822657041
126.22764227642277,0.32253984614659237
126.17073170731707,0.32253984614659237
126.11382113821138,0.3413574741416415
126.0569105691057,0.35504302177440455
126.0,0.35504302177440455
125.9430894308943,0.34078724299027635
125.88617886178862,0.34078724299027635
125.82926829268293,0.34877047910938813
125.77235772357723,0.36188579559078604
125.71544715447155,0.36188579559078604
125.65853658536585,0.37842249898037467
125.60162601626017,0.38412481049402597
125.54471544715447,0.3846950416453911
125.48780487804878,0.3858355039481213
125.4308943089431,0.38526527279675615
125.3739837398374,0.3858355039481213
125.3170731707317,0.4006615138836146
125.26016260162602,0.4029424384890751
125.20325203252033,0.4006615138836146
125.14634146341463,0.3915378154617726
125.08943089430895,0.3915378154617726
125.03252032520325,0.4092149811540915
124.97560975609755,0.4132065992136474
124.91869918699187,0.41092567460818685
124.86178861788618,0.40636382539726584
124.8048780487805,0.40636382539726584
124.7479674796748,0.41206613691091715
124.6910569105691,0.41206613691091715
124.63414634146342,0.3858355039481213
124.57723577235772,0.3858355039481213
124.52032520325203,0.40351266964044025
124.46341463414635,0.40351266964044025
124.40650406504065,0.3801331924344701
124.34959349593495,0.3590346398339604
124.29268292682927,0.3590346398339604
124.23577235772358,0.3949592023699633
124.17886178861788,0.3949592023699633
124.1219512195122,0.36245602674215116
124.0650406504065,0.34648955450392765
124.00813008130082,0.34648955450392765
123.95121951219512,0.35504302177440455
123.89430894308943,0.3590346398339604
123.83739837398375,0.36188579559078604
123.78048780487805,0.36188579559078604
123.72357723577235,0.33736585608208564
123.66666666666667,0.33736585608208564
123.60975609756098,0.352762097168944
123.55284552845528,0.37043926286126294
123.4959349593496,0.36929880055853265
123.4390243902439,0.36929880055853265
123.3821138211382,0.36188579559078604
123.32520325203252,0.36188579559078604
123.26829268292683,0.3521918660175789
123.21138211382114,0.3521918660175789
123.15447154471545,0.35504302177440455
123.09756097560975,0.3573239463798651
123.04065040650407,0.3738606497694537
122.98373983739837,0.3738606497694537
122.92682926829268,0.3738606497694537
122.869918699187,0.37785226782900955
122.8130081300813,0.37785226782900955
122.7560975609756,0.37100949401262806
122.69918699186992,0.37100949401262806
122.64227642276423,0.3590346398339604
122.58536585365853,0.3590346398339604
122.52845528455285,0.3938187400672331
122.47154471544715,0.3938187400672331
122.41463414634147,0.34591932335256254
122.35772357723577,0.29288782627560583
122.30081300813008,0.29288782627560583
122.2439024390244,0.29288782627560583
122.1869918699187,0.31797799693567136
122.130081300813,0.31797799693567136
122.07317073170732,0.29288782627560583
122.01626016260163,0.31341614772475035
121.95934959349593,0.31341614772475035
121.90243902439025,0.2792022786428428
121.84552845528455,0.2792022786428428
121.78861788617886,0.2911771328215105
121.73170731707317,0.2911771328215105
121.67479674796748,0.2831938967023987
121.6178861788618,0.2831938967023987
121.5609756097561,0.2826236655510336
121.5040650406504,0.2541121079827773
121.44715447154472,0.248409796469126
121.39024390243902,0.22503031926315586
121.33333333333333,0.22503031926315586
121.27642276422765,0.20450199781401132
121.21951219512195,0.18853552557578782
121.16260162601625,0.18568436981896216
121.10569105691057,0.18568436981896216
121.04878048780488,0.16002396800753152
120.99186991869918,0.16002396800753152
120.9349593495935,0.16287512376435714
120.8780487804878,0.16287512376435714
120.82113821138212,0.14690865152613364
120.76422764227642,0.13892541540702186
120.70731707317073,0.1332231038933706
120.65040650406505,0.1332231038933706
120.59349593495935,0.07962137566504879
120.53658536585365,0.08931530523825591
120.47967479674797,0.08931530523825591
120.42276422764228,0.051680049248157625
120.36585365853658,0.04141588852358536
120.3089430894309,0.0379945016153946
120.2520325203252,0.0379945016153946
120.1951219512195,0.07163813954593702
120.13821138211382,0.07163813954593702
120.08130081300813,0.04141588852358536
120.02439024390245,0.01119363750123369
119.96747967479675,0.01119363750123369
119.91056910569105,0.01119363750123369
119.85365853658537,0.004350863684852181
119.79674796747967,-0.015036995461562095
119.73983739837398,-0.017888151218387723
119.6829268292683,-0.04982109569483477
119.6260162601626,-0.05951502526804191
119.5691056910569,-0.10171213046906122
119.51219512195122,-0.12908322573458725
119.45528455284553,-0.12965345688595237
119.39837398373983,-0.1724207932383368
119.34146341463415,-0.1940895769902116
119.28455284552845,-0.19922165735249772
119.22764227642277,-0.19922165735249772
119.17073170731707,-0.21119651153116537
119.11382113821138,-0.23970806909942166
119.0569105691057,-0.2801944808463456
119.0,-0.2801944808463456
118.9430894308943,-0.2744921693326943
118.88617886178862,-0.2744921693326943
118.82926829268293,-0.29502049078183884
118.77235772357723,-0.2973014153872994
118.71544715447155,-0.31269765647415776
118.65853658536585,-0.3269534352582859
118.60162601626017,-0.3383580582855884
118.54471544715447,-0.3400687517396838
118.48780487804878,-0.3400687517396838
118.4308943089431,-0.33664736483149305
118.3739837398374,-0.33664736483149305
118.3170731707317,-0.34234967634514435
118.26016260162602,-0.34234967634514435
118.20325203252033,-0.3315152844692069
118.14634146341463,-0.32866412871238126
118.08943089430895,-0.3263832041069208
118.03252032520325,-0.32125112374463466
117.97560975609755,-0.32125112374463466
117.91869918699187,-0.3201106614419044
117.86178861788618,-0.3132678876255228
117.8048780487805,-0.31212742532279264
117.7479674796748,-0.31212742532279264
117.6910569105691,-0.3309450533178418
117.63414634146342,-0.37257192736749595
117.57723577235772,-0.4096369522062291
117.52032520325203,-0.4096369522062291
117.46341463414635,-0.40735602760076867
117.40650406504065,-0.40735602760076867
117.34959349593495,-0.4153392637198804
117.29268292682927,-0.42560342444445265
117.23577235772358,-0.4330164294121993
117.17886178861788,-0.47065168540229757
117.1219512195122,-0.47065168540229757
117.0650406504065,-0.47065168540229757
117.00813008130082,-0.46551960504001144
116.95121951219512,-0.472362378856393
116.89430894308943,-0.47350284115912317
116.83739837398375,-0.47350284115912317
116.78048780487805,-0.4774944592186791
116.72357723577235,-0.4774944592186791
116.66666666666667,-0.4672302984941068
116.60975609756098,-0.4672302984941068
116.55284552845528,-0.4729326100077581
116.4959349593496,-0.4729326100077581
116.4390243902439,-0.46951122309956733
116.3821138211382,-0.4313057359581039
116.32520325203252,-0.4290248113526434
116.26829268292683,-0.41362857026578503
116.21138211382114,-0.39652163572483123
116.15447154471545,-0.39652163572483123
116.09756097560975,-0.4096369522062291
116.04065040650407,-0.4113476456603245
115.98373983739837,-0.4113476456603245
115.92682926829268,-0.3913895553625451
115.869918699187,-0.3913895553625451
115.8130081300813,-0.38397655039479844
115.7560975609756,-0.38397655039479844
115.69918699186992,-0.36515892239974934
115.64227642276423,-0.36515892239974934
115.58536585365853,-0.36515892239974934
115.52845528455285,-0.3560352239779073
115.47154471544715,-0.34406036979923965
115.41463414634147,-0.31383811877688805
115.35772357723577,-0.2898884104195527
115.30081300813008,-0.2898884104195527
115.2439024390244,-0.28646702351136194
115.1869918699187,-0.26194708400266153
115.130081300813,-0.23913783794805654
115.07317073170732,-0.21347743613662587
115.01626016260163,-0.20150258195795823
114.95934959349593,-0.20150258195795823
114.90243902439025,-0.14162831106462
114.84552845528455,-0.10000143701496583
114.78861788617886,-0.10000143701496583
114.73170731707317,-0.08460519592810745
114.67479674796748,-0.08460519592810745
114.6178861788618,-0.04696993993800913
114.5609756097561,-0.04297832187845326
114.5040650406504,-0.029863005397055366
114.44715447154472,-0.018458382369752852
114.39024390243902,-0.018458382369752852
114.33333333333333,-0.026441618488864612
114.27642276422765,-0.026441618488864612
114.21951219512195,-0.01161560855337134
114.16260162601625,0.01119363750123369
114.10569105691057,0.017466180166250074
114.04878048780488,0.02773034089082234
113.99186991869918,0.02773034089082234
113.9349593495935,0.02773034089082234
113.8780487804878,0.05282051155088787
113.82113821138212,0.055671667307713495
113.76422764227642,0.055671667307713495
113.70731707317073,0.0357135770099341
113.65040650406505,0.03400288355583872
113.59349593495935,0.03229219010174334
113.53658536585365,0.03229219010174334
113.47967479674797,0.03229219010174334
113.42276422764228,0.03229219010174334
113.36585365853658,0.036283808161299225
113.3089430894309,0.0379945016153946
113.2520325203252,0.036283808161299225
113.1951219512195,0.0379945016153946
113.13821138211382,0.0402754262208551
113.08130081300813,0.021457798225805954
113.02439024390245,0.021457798225805954
112.96747967479675,0.034573114707203846
112.91056910569105,0.034573114707203846
112.85365853658537,0.014615024409424445
112.79674796747967,0.007772250593042936
112.73983739837398,0.006061557138947559
112.6829268292683,0.007772250593042936
112.6260162601626,0.006061557138947559
112.5691056910569,-0.005343065888354957
112.51219512195122,-0.005343065888354957
112.45528455284553,0.0014997079280265524
112.39837398373983,-0.007053759342450334
112.34146341463415,-0.041267628424357876
112.28455284552845,-0.04468901533254864
112.22764227642277,-0.06635779908442342
112.17073170731707,-0.06977918599261416
112.11382113821138,-0.06977918599261416
112.0569105691057,-0.06977918599261416
112.0,-0.08118380901991668
111.9430894308943,-0.08916704513902844
111.88617886178862,-0.08916704513902844
111.82926829268293,-0.07890288441445618
111.77235772357723,-0.07148987944670955
111.71544715447155,-0.07890288441445618
111.65853658536585,-0.09372889434994945
111.60162601626017,-0.11938929616138011
111.54471544715447,-0.11938929616138011
111.48780487804878,-0.1655780194219553
111.4308943089431,-0.17071009978424143
111.3739837398374,-0.17071009978424143
111.3170731707317,-0.17071009978424143
111.26016260162602,-0.17071009978424143
111.20325203252033,-0.17071009978424143
111.14634146341463,-0.17071009978424143
111.08943089430895,-0.18097426050881368
111.03252032520325,-0.1718505620869717
110.97560975609755,-0.1718505620869717
110.91869918699187,-0.15816501445420866
110.86178861788618,-0.1655780194219553
110.8048780487805,-0.16614825057332042
110.7479674796748,-0.16614825057332042
110.6910569105691,-0.12965345688595237
110.63414634146342,-0.12965345688595237
110.57723577235772,-0.14676039142690614
110.52032520325203,-0.15018177833509688
110.46341463414635,-0.15816501445420866
110.40650406504065,-0.15816501445420866
110.34959349593495,-0.16500778827059015
110.29268292682927,-0.16500778827059015
110.23577235772358,-0.18268495396290907
110.17886178861788,-0.18268495396290907
110.1219512195122,-0.1678589440274158
110.0650406504065,-0.13079391918868263
110.00813008130082,-0.13079391918868263
109.95121951219512,-0.1256618388263965
109.89430894308943,-0.12623206997776162
109.83739837398375,-0.12452137652366624
109.78048780487805,-0.11140606004226834
109.72357723577235,-0.10627397967998223
109.66666666666667,-0.09144796974448895
109.60975609756098,-0.09144796974448895
109.55284552845528,-0.10171213046906122
109.4959349593496,-0.11311675349636373
109.4390243902439,-0.1347855372482385
109.3821138211382,-0.1347855372482385
109.32520325203252,-0.11995952731274524
109.26829268292683,-0.10285259277179146
109.21138211382114,-0.10171213046906122
109.15447154471545,-0.10285259277179146
109.09756097560975,-0.11938929616138011
109.04065040650407,-0.11938929616138011
108.98373983739837,-0.09087773859312381
108.92682926829268,-0.09087773859312381
108.869918699187,-0.11083582889090322
108.8130081300813,-0.1125465223449986
108.7560975609756,-0.11824883385864987
108.69918699186992,-0.13193438149141287
108.64227642276423,-0.11767860270728474
108.58536585365853,-0.11767860270728474
108.52845528455285,-0.11767860270728474
108.47154471544715,-0.12452137652366624
108.41463414634147,-0.12452137652366624
108.35772357723577,-0.12452137652366624
108.30081300813008,-0.12965345688595237
108.2439024390244,-0.13421530609687338
108.1869918699187,-0.13421530609687338
108.130081300813,-0.13649623070233388
108.07317073170732,-0.14676039142690614
108.01626016260163,-0.14676039142690614
107.95934959349593,-0.1256618388263965
107.90243902439025,-0.14276877336735028
107.84552845528455,-0.14276877336735028
107.78861788617886,-0.14276877336735028
107.73170731707317,-0.14619016027554102
107.67479674796748,-0.14619016027554102
107.6178861788618,-0.14619016027554102
107.5609756097561,-0.14048784876188977
107.5040650406504,-0.14048784876188977
107.44715447154472,-0.13364507494550826
107.39024390243902,-0.13364507494550826
107.33333333333333,-0.137066461853699
107.27642276422765,-0.14048784876188977
107.21951219512195,-0.14390923567008052
107.16260162601625,-0.14276877336735028
107.10569105691057,-0.14276877336735028
107.04878048780488,-0.127942763431857
106.99186991869918,-0.11653814040455447
106.9349593495935,-0.11653814040455447
106.8780487804878,-0.12224045191820575
106.82113821138212,-0.12224045191820575
106.76422764227642,-0.09886097471223558
106.70731707317073,-0.09886097471223558
106.65040650406505,-0.13535576839960364
106.59349593495935,-0.13535576839960364
106.53658536585365,-0.1256618388263965
106.47967479674797,-0.11881906501001498
106.42276422764228,-0.1057037485286171
106.36585365853658,-0.07377080405217004
106.3089430894309,-0.07377080405217004
106.2520325203252,-0.08631588938220282
106.1951219512195,-0.08631588938220282
106.13821138211382,-0.08232427132264694
106.08130081300813,-0.08232427132264694
106.02439024390245,-0.10228236162042634
105.96747967479675,-0.10228236162042634
105.91056910569105,-0.09658005010677509
105.85365853658537,-0.09658005010677509
105.79674796747967,-0.07776242211172593
105.73983739837398,-0.07776242211172593
105.6829268292683,-0.09886097471223558
105.6260162601626,-0.09886097471223558
105.5691056910569,-0.06578756793305829
105.51219512195122,-0.06578756793305829
105.45528455284553,-0.058374562965311655
105.39837398373983,-0.058374562965311655
105.34146341463415,-0.058374562965311655
105.28455284552845,-0.058944794116676774
105.22764227642277,-0.07377080405217004
105.17073170731707,-0.07662195980899568
105.11382113821138,-0.07377080405217004
105.0569105691057,-0.07091964829534442
105.0,-0.04297832187845326
104.9430894308943,-0.04354855302981839
104.88617886178862,-0.058374562965311655
104.82926829268293,-0.048680633392104516
104.77235772357723,-0.048680633392104516
104.71544715447155,-0.04468901533254864
104.65853658536585,-0.03328439230524612
104.60162601626017,-0.03328439230524612
104.54471544715447,-0.04240809072708813
104.48780487804878,-0.04240809072708813
104.4308943089431,-0.04240809072708813
104.3739837398374,-0.04354855302981839
104.3170731707317,-0.050961557997565014
104.26016260162602,-0.050961557997565014
104.20325203252033,-0.03898670381889738
104.14634146341463,-0.03613554806207175
104.08943089430895,-0.03613554806207175
104.03252032520325,-0.03613554806207175
103.97560975609755,-0.04069739727299276
103.91869918699187,-0.04297832187845326
103.86178861788618,-0.05438294490575577
103.8048780487805,-0.056663869511216276
103.7479674796748,-0.05438294490575577
103.6910569105691,-0.05438294490575577
103.63414634146342,-0.04982109569483477
103.57723577235772,-0.03328439230524612
103.52032520325203,-0.022450000429308732
103.46341463414635,-0.007053759342450334
103.40650406504065,-0.013896533158831843
103.34959349593495,-0.031003467699785615
103.29268292682927,-0.031003467699785615
103.23577235772358,-0.0036323724342595797
103.17886178861788,0.024879185133996708
103.1219512195122,0.028870803193552588
103.0650406504065,0.03001126549628284
103.00813008130082,0.03913496391812485
102.95121951219512,0.03913496391812485
102.89430894308943,0.03742427046402948
102.83739837398375,0.03742427046402948
102.78048780487805,0.061373978821364764
102.72357723577235,0.06308467227546014
102.66666666666667,0.09672831020600255
102.60975609756098,0.09672831020600255
102.55284552845528,0.07905114451368365
102.4959349593496,0.07905114451368365
102.4390243902439,0.07677021990822315
102.3821138211382,0.08988553638962105
102.32520325203252,0.12923148583381472
102.26829268292683,0.13664449080156135
102.21138211382114,0.13664449080156135
102.15447154471545,0.13037194813654499
102.09756097560975,0.12923148583381472
102.04065040650407,0.13037194813654499
101.98373983739837,0.1332231038933706
101.92682926829268,0.13151241043927522
101.869918699187,0.13151241043927522
101.8130081300813,0.1332231038933706
101.7560975609756,0.16059419915889667
101.69918699186992,0.16743697297527815
101.64227642276423,0.16743697297527815
101.58536585365853,0.16458581721845253
101.52845528455285,0.16002396800753152
101.47154471544715,0.16002396800753152
101.41463414634147,0.15831327455343613
101.35772357723577,0.15375142534251515
101.30081300813008,0.15375142534251515
101.2439024390244,0.17656067139712014
101.1869918699187,0.16344535491572226
101.130081300813,0.16344535491572226
101.07317073170732,0.16344535491572226
101.01626016260163,0.14519795807203825
100.95934959349593,0.14519795807203825
100.90243902439025,0.1400658777097521
100.84552845528455,0.1548918876452454
100.78861788617886,0.16002396800753152
100.73170731707317,0.16002396800753152
100.67479674796748,0.1423468023152126
100.6178861788618,0.13037194813654499
100.5609756097561,0.13037194813654499
100.5040650406504,0.11896732510924246
100.44715447154472,0.11896732510924246
100.39024390243902,0.14405749576930799
100.33333333333333,0.14405749576930799
100.27642276422765,0.13550402849883111
100.21951219512195,0.13550402849883111
100.16260162601625,0.12980171698517987
100.10569105691057,0.0910259986923513
100.04878048780488,0.08133206911914416
99.99186991869918,0.07220837069730215
99.9349593495935,0.08133206911914416
99.8780487804878,0.09786877250873281
99.82113821138212,0.09786877250873281
99.76422764227642,0.06536559688092064
99.70731707317073,0.06536559688092064
99.65040650406505,0.06992744609184165
99.59349593495935,0.07619998875685803
99.53658536585365,0.07619998875685803
99.47967479674797,0.07163813954593702
99.42276422764228,0.07163813954593702
99.36585365853658,0.0733488330000324
99.3089430894309,0.0733488330000324
99.2520325203252,0.06365490342682525
99.1951219512195,0.05738236076180888
99.13821138211382,0.054531205004983256
99.08130081300813,0.04996935579406224
99.02439024390245,0.04882889349133199
98.96747967479675,0.03742427046402948
98.91056910569105,0.03514334585856897
98.85365853658537,0.028870803193552588
98.79674796747967,0.028870803193552588
98.73983739837398,0.030581496647647966
98.6829268292683,0.030581496647647966
98.6260162601626,0.010623406349868567
98.5691056910569,0.00035924562529630096
98.51219512195122,0.00035924562529630096
98.45528455284553,0.00035924562529630096
98.39837398373983,0.008912712895773188
98.34146341463415,0.031151727799013096
98.28455284552845,0.0009294767766614267
98.22764227642277,-0.004202603585624705
98.17073170731707,-0.005913297039720083
98.11382113821138,-0.004202603585624705
98.0569105691057,-0.005913297039720083
98.0,-0.011045377402006215
97.9430894308943,-0.011045377402006215
97.88617886178862,0.02202802937717108
97.82926829268293,0.02202802937717108
97.77235772357723,0.010053175198503439
97.71544715447155,-0.03385462345661125
97.65853658536585,-0.03385462345661125
97.60162601626017,-0.03556531691070662
97.54471544715447,-0.041267628424357876
97.48780487804878,0.017466180166250074
97.4308943089431,0.0379945016153946
97.3739837398374,0.0379945016153946
97.3170731707317,0.0020699390793916784
97.26016260162602,0.0020699390793916784
97.20325203252033,0.012904330955329068
97.14634146341463,0.012904330955329068
97.08943089430895,0.012904330955329068
97.03252032520325,0.03001126549628284
96.97560975609755,0.03856473276675973
96.91869918699187,0.03856473276675973
96.86178861788618,0.01119363750123369
96.8048780487805,-0.017888151218387723
96.7479674796748,-0.017888151218387723
96.6910569105691,0.01404479325805932
96.63414634146342,0.01404479325805932
96.57723577235772,0.014615024409424445
96.52032520325203,0.02773034089082234
96.46341463414635,0.02773034089082234
96.40650406504065,0.017466180166250074
96.34959349593495,0.0020699390793916784
96.29268292682927,0.0020699390793916784
96.23577235772358,0.0014997079280265524
96.17886178861788,0.0032104013821219295
96.1219512195122,0.031721958950378215
96.0650406504065,0.0014997079280265524
96.00813008130082,0.0014997079280265524
95.95121951219512,0.02601964743672696
95.89430894308943,0.03001126549628284
95.83739837398375,0.0357135770099341
95.78048780487805,0.03685403931266435
95.72357723577235,0.03685403931266435
95.66666666666667,0.0014997079280265524
95.60975609756098,0.00035924562529630096
95.55284552845528,0.00035924562529630096
95.4959349593496,0.0014997079280265524
95.4390243902439,0.0014997079280265524
95.3821138211382,0.01632571786351982
95.32520325203252,0.016895949014884948
95.26829268292683,-0.008764452796545712
95.21138211382114,-0.008764452796545712
95.15447154471545,0.012904330955329068
95.09756097560975,0.02373872283126646
95.04065040650407,0.024879185133996708
94.98373983739837,0.031721958950378215
94.92682926829268,0.031721958950378215
94.869918699187,0.012904330955329068
94.8130081300813,0.012904330955329068
94.7560975609756,0.012904330955329068
94.69918699186992,-0.010475146250641089
94.64227642276423,-0.010475146250641089
94.58536585365853,-0.009904915099275963
94.52845528455285,-0.017888151218387723
94.47154471544715,-0.017888151218387723
94.41463414634147,-0.019598844672483098
94.35772357723577,-0.019598844672483098
94.30081300813008,-0.01674768891565747
94.2439024390244,-0.0013514478287990764
94.1869918699187,-0.0013514478287990764
94.130081300813,-0.0019216789801642022
94.07317073170732,-0.0019216789801642022
94.01626016260163,0.005491325987582433
93.95934959349593,0.005491325987582433
93.90243902439025,-0.003062141282894454
93.84552845528455,-0.019598844672483098
93.78861788617886,-0.02302023158067386
93.73170731707317,-0.058944794116676774
93.67479674796748,-0.058944794116676774
93.6178861788618,-0.055523407208486024
93.5609756097561,-0.047540171089374264
93.5040650406504,-0.047540171089374264
93.44715447154472,-0.047540171089374264
93.39024390243902,-0.04183785957572301
93.33333333333333,-0.04183785957572301
93.27642276422765,-0.037846241516167126
93.21951219512195,-0.031573698851150744
93.16260162601625,-0.037846241516167126
93.10569105691057,-0.04982109569483477
93.04878048780488,-0.05324248260302552
92.99186991869918,-0.05324248260302552
92.9349593495935,-0.04925086454346964
92.8780487804878,-0.04925086454346964
92.82113821138212,-0.04982109569483477
92.76422764227642,-0.04982109569483477
92.70731707317073,-0.04982109569483477
92.65040650406505,-0.03898670381889738
92.59349593495935,-0.03442485460797637
92.53658536585365,-0.01446676431019697
92.47967479674797,-0.01446676431019697
92.42276422764228,-0.019028613521117975
92.36585365853658,-0.019028613521117975
92.3089430894309,-0.013326302007466716
92.2520325203252,0.0037806325334870557
92.1951219512195,0.0037806325334870557
92.13821138211382,0.008342481744408062
92.08130081300813,0.0009294767766614267
92.02439024390245,0.0009294767766614267
91.96747967479675,-0.005343065888354957
91.91056910569105,-0.005343065888354957
91.85365853658537,0.028870803193552588
91.79674796747967,0.028870803193552588
91.73983739837398,0.03286242125310847
91.6829268292683,0.0402754262208551
91.6260162601626,0.007772250593042936
91.5691056910569,0.007772250593042936
91.51219512195122,0.026589878588092086
91.45528455284553,0.03514334585856897
91.39837398373983,0.03514334585856897
91.34146341463415,0.027160109739457212
91.28455284552845,0.019176873620345453
91.22764227642277,0.019176873620345453
91.17073170731707,0.034573114707203846
91.11382113821138,0.03685403931266435
91.0569105691057,0.04198611967495048
91.0,0.04198611967495048
90.9430894308943,0.031151727799013096
90.88617886178862,0.0402754262208551
90.82926829268293,0.05282051155088787
90.77235772357723,0.053390742702253
90.71544715447155,0.06308467227546014
90.65853658536585,0.07448929530276265
90.60162601626017,0.07448929530276265
90.54471544715447,0.07448929530276265
90.48780487804878,0.007772250593042936
90.4308943089431,0.007772250593042936
90.3739837398374,0.02830057204218746
90.3170731707317,0.033432652404473594
90.26016260162602,0.05909305421590426
90.20325203252033,0.05909305421590426
90.14634146341463,0.057952591913174
90.08943089430895,0.053390742702253
90.03252032520325,0.053390742702253
89.97560975609755,0.0402754262208551
89.91869918699187,0.0402754262208551
89.86178861788618,0.0402754262208551
89.8048780487805,0.04255635082631561
89.7479674796748,0.04255635082631561
89.6910569105691,0.04255635082631561
89.63414634146342,0.03742427046402948
89.57723577235772,0.03229219010174334
89.52032520325203,0.024879185133996708
89.46341463414635,0.020317335923075705
89.40650406504065,0.020887567074440828
89.34959349593495,0.02202802937717108
89.29268292682927,0.043696813129045865
89.23577235772358,0.04483727543177611
89.17886178861788,0.04483727543177611
89.1219512195122,0.008912712895773188
89.0650406504065,0.008912712895773188
89.00813008130082,0.020317335923075705
88.95121951219512,0.029441034344917714
88.89430894308943,0.04654796888587149
88.83739837398375,0.04654796888587149
88.78048780487805,0.031721958950378215
88.72357723577235,0.031721958950378215
88.66666666666667,0.03970519506948998
88.60975609756098,-0.003062141282894454
88.55284552845528,-0.003062141282894454
88.4959349593496,0.024879185133996708
88.4390243902439,0.024879185133996708
88.3821138211382,-0.0007812166774339506
88.32520325203252,-0.0007812166774339506
88.26829268292683,0.020317335923075705
88.21138211382114,0.020317335923075705
88.15447154471545,0.013474562106694194
88.09756097560975,0.013474562106694194
88.04065040650407,0.004921094836217306
87.98373983739837,-0.00021098552606882483
87.92682926829268,-0.0036323724342595797
87.869918699187,-0.009904915099275963
87.8130081300813,-0.009904915099275963
87.7560975609756,-0.005343065888354957
87.69918699186992,-0.005343065888354957
87.64227642276423,-0.009334683947910836
87.58536585365853,-0.009334683947910836
87.52845528455285,0.015185255560789571
87.47154471544715,0.021457798225805954
87.41463414634147,0.030581496647647966
87.35772357723577,0.030581496647647966
87.30081300813008,0.008342481744408062
87.2439024390244,0.008342481744408062
87.1869918699187,0.014615024409424445
87.130081300813,0.016895949014884948
87.07317073170732,0.016895949014884948
87.01626016260163,0.022598260528536206
86.95934959349593,0.022598260528536206
86.90243902439025,0.022598260528536206
86.84552845528455,0.029441034344917714
86.78861788617886,0.04540750658314124
86.73170731707317,0.07220837069730215
86.67479674796748,0.07220837069730215
86.6178861788618,0.05624189845907863
86.5609756097561,0.054531205004983256
86.5040650406504,0.054531205004983256
86.44715447154472,0.06251444112409502
86.39024390243902,0.04084565737222023
86.33333333333333,0.03001126549628284
86.27642276422765,0.04084565737222023
86.21951219512195,0.04597773773450636
86.16260162601625,0.0710679083945719
86.10569105691057,0.0710679083945719
86.04878048780488,0.05966328536726938
85.99186991869918,0.05110981809679249
85.9349593495935,0.017466180166250074
85.8780487804878,-0.058944794116676774
85.82113821138212,-0.0680684925385188
85.76422764227642,-0.10741444198271247
85.70731707317073,-0.19751096389840236
85.65040650406505,-0.28646702351136194
85.59349593495935,-0.327523666409651
85.53658536585365,-0.34063898289104894
85.47967479674797,-0.3759933142756867
85.42276422764228,-0.41020718335759426
85.36585365853658,-0.4187606506280711
85.3089430894309,-0.43700804747175515
85.2520325203252,-0.49403116260826774
85.1951219512195,-0.5145594840574123
85.13821138211382,-0.5305259562956358
85.08130081300813,-0.5755742172534807
85.02439024390245,-0.5932513829457996
84.96747967479675,-0.6268950208763421
84.91056910569105,-0.6268950208763421
84.85365853658537,-0.667951663774631
84.79674796747967,-0.6907609098292361
84.73983739837398,-0.7055869197647293
84.6829268292683,-0.7118594624297457
84.6260162601626,-0.7466435626630185
84.5691056910569,-0.7466435626630185
84.51219512195122,-0.7466435626630185
84.45528455284553,-0.7466435626630185
84.39837398373983,-0.7529161053280349
84.34146341463415,-0.7529161053280349
84.28455284552845,-0.7529161053280349
84.22764227642277,-0.7283961658193344
84.17073170731707,-0.708438075521555
84.11382113821138,-0.6662409703205358
84.0569105691057,-0.6462828800227564
84.0,-0.6280354831790723
83.9430894308943,-0.5978132321567207
83.88617886178862,-0.5681612122857341
83.82926829268293,-0.5516245088961454
83.77235772357723,-0.5265343382360799
83.71544715447155,-0.5082869413923958
83.65853658536585,-0.49175023800280726
83.60162601626017,-0.4153392637198804
83.54471544715447,-0.41020718335759426
83.48780487804878,-0.3936704799680056
83.4308943089431,-0.32239158604736484
83.3739837398374,-0.318399967987809
83.3170731707317,-0.318399967987809
83.26016260162602,-0.318399967987809
83.20325203252033,-0.25681500364037546
83.14634146341463,-0.2454103806130729
83.08943089430895,-0.2454103806130729
83.03252032520325,-0.2454103806130729
82.97560975609755,-0.23514621988850065
82.91869918699187,-0.23514621988850065
82.86178861788618,-0.23400575758577039
82.8048780487805,-0.23400575758577039
82.7479674796748,-0.23400575758577039
82.6910569105691,-0.24198899370488214
82.63414634146342,-0.2357164510398658
82.57723577235772,-0.2260225214666586
82.52032520325203,-0.2260225214666586
82.46341463414635,-0.22716298376938887
82.40650406504065,-0.22716298376938887
82.34959349593495,-0.21917974765027712
82.29268292682927,-0.21917974765027712
82.23577235772358,-0.22773321492075402
82.17886178861788,-0.2385676067966914
82.1219512195122,-0.2471210740671683
82.0650406504065,-0.2385676067966914
82.00813008130082,-0.24826153636989853
81.95121951219512,-0.2539638478835498
81.89430894308943,-0.20549420001751412
81.83739837398375,-0.20549420001751412
81.78048780487805,-0.18724680317383008
81.72357723577235,-0.18724680317383008
81.66666666666667,-0.18439564741700445
81.60975609756098,-0.1655780194219553
81.55284552845528,-0.1479008537296364
81.4959349593496,-0.14447946682144563
81.4390243902439,-0.13763669300506415
81.3821138211382,-0.11938929616138011
81.32520325203252,-0.11938929616138011
81.26829268292683,-0.1171083715559196
81.21138211382114,-0.08973727629039358
81.15447154471545,-0.06407687447896292
81.09756097560975,-0.06407687447896292
81.04065040650407,-0.06578756793305829
80.98373983739837,-0.06578756793305829
80.92682926829268,-0.07434103520353517
80.869918699187,-0.07434103520353517
80.8130081300813,-0.07434103520353517
80.7560975609756,-0.06749826138715367
80.69918699186992,-0.06749826138715367
80.64227642276423,-0.06692803023578854
80.58536585365853,-0.03385462345661125
80.52845528455285,-0.03385462345661125
80.47154471544715,-0.05153178914893015
80.41463414634147,-0.04982109569483477
80.35772357723577,-0.03841647266753225
80.30081300813008,-0.03841647266753225
80.2439024390244,-0.031003467699785615
80.1869918699187,-0.03328439230524612
80.130081300813,-0.03328439230524612
80.07317073170732,-0.04411878418118351
80.01626016260163,-0.04411878418118351
79.95934959349593,-0.03442485460797637
79.90243902439025,-0.03442485460797637
79.84552845528455,-0.03442485460797637
79.78861788617886,-0.01674768891565747
79.73170731707317,-0.04240809072708813
79.67479674796748,-0.04240809072708813
79.6178861788618,-0.037276010364802
79.5609756097561,-0.02929277424569024
79.5040650406504,-0.031573698851150744
79.44715447154472,-0.024730925034769233
79.39024390243902,-0.031573698851150744
79.33333333333333,-0.04811040224073939
79.27642276422765,-0.04811040224073939
79.21951219512195,-0.041267628424357876
79.16260162601625,-0.041267628424357876
79.10569105691057,-0.03214393000251587
79.04878048780488,-0.03214393000251587
78.99186991869918,-0.029863005397055366
78.9349593495935,-0.018458382369752852
78.8780487804878,-0.01446676431019697
78.82113821138212,0.01119363750123369
78.76422764227642,0.025449416285361834
78.70731707317073,0.033432652404473594
78.65040650406505,0.06707629033501601
78.59349593495935,0.07619998875685803
78.53658536585365,0.0841832248759698
78.47967479674797,0.10528177747647945
78.42276422764228,0.1195375562606076
78.36585365853658,0.1240994054715286
78.3089430894309,0.13550402849883111
78.2520325203252,0.13550402849883111
78.1951219512195,0.16002396800753152
78.13821138211382,0.16002396800753152
78.08130081300813,0.16002396800753152
78.02439024390245,0.17199882218619916
77.96747967479675,0.17199882218619916
77.91056910569105,0.16230489261299202
77.85365853658537,0.16230489261299202
77.79674796747967,0.1662965106725479
77.73983739837398,0.2307326307768071
77.6829268292683,0.23871586689591887
77.6260162601626,0.2421372538041096
77.5691056910569,0.25753349489096805
77.51219512195122,0.2706488113723659
77.45528455284553,0.24612887186366553
77.39837398373983,0.23814563574455375
77.34146341463415,0.23814563574455375
77.28455284552845,0.248409796469126
77.22764227642277,0.2501204899232214
77.17073170731707,0.2501204899232214
77.11382113821138,0.2911771328215105
77.0569105691057,0.2911771328215105
77.0,0.28946643936741506
76.9430894308943,0.28946643936741506
76.88617886178862,0.29630921318379655
76.82926829268293,0.30201152469744785
76.77235772357723,0.30201152469744785
76.71544715447155,0.28889620821604994
76.65853658536585,0.2786320474914777
76.60162601626017,0.2752106605832869
76.54471544715447,0.2752106605832869
76.48780487804878,0.2820534343996684
76.4308943089431,0.2951687508810663
76.3739837398374,0.2951687508810663
76.3170731707317,0.2877557459133197
76.26016260162602,0.2877557459133197
76.20325203252033,0.2877557459133197
76.14634146341463,0.25582280143687264
76.08943089430895,0.25582280143687264
76.03252032520325,0.2506907210745865
75.97560975609755,0.24270748495547476
75.91869918699187,0.22446008811179072
75.86178861788618,0.21533638968994873
75.8048780487805,0.20678292241947183
75.7479674796748,0.19480806824080418
75.6910569105691,0.19480806824080418
75.63414634146342,0.18511413866759707
75.57723577235772,0.1794118271539458
75.52032520325203,0.14918957613159414
75.46341463414635,0.14576818922340337
75.40650406504065,0.13778495310429162
75.34959349593495,0.12923148583381472
75.29268292682927,0.0864641494814303
75.23577235772358,0.0864641494814303
75.17886178861788,0.08247253142187441
75.1219512195122,0.0756297576054929
75.0650406504065,0.0756297576054929
75.00813008130082,0.06593582803228576
74.95121951219512,0.06593582803228576
74.89430894308943,0.06308467227546014
74.83739837398375,0.020887567074440828
74.78048780487805,-0.0007812166774339506
74.72357723577235,-0.0024919101315293278
74.66666666666667,-0.015607226612927221
74.60975609756098,-0.02302023158067386
74.55284552845528,-0.010475146250641089
74.4959349593496,-0.010475146250641089
74.4390243902439,-0.04468901533254864
74.3821138211382,-0.04468901533254864
74.32520325203252,-0.03385462345661125
74.26829268292683,-0.03385462345661125
74.21138211382114,-0.04696993993800913
74.15447154471545,-0.0572341006625814
74.09756097560975,-0.04696993993800913
74.04065040650407,-0.032714161153881
73.98373983739837,-0.032714161153881
73.92682926829268,-0.02929277424569024
73.869918699187,-0.02929277424569024
73.8130081300813,-0.019028613521117975
73.7560975609756,-0.019028613521117975
73.69918699186992,0.00035924562529630096
73.64227642276423,0.004921094836217306
73.58536585365853,0.00035924562529630096
73.52845528455285,-0.026441618488864612
73.47154471544715,-0.03442485460797637
73.41463414634147,-0.03442485460797637
73.35772357723577,-0.024160693883404107
73.30081300813008,0.007772250593042936
73.2439024390244,0.008912712895773188
73.1869918699187,0.022598260528536206
73.130081300813,0.022598260528536206
73.07317073170732,0.0402754262208551
73.01626016260163,0.04654796888587149
72.95934959349593,0.04654796888587149
72.90243902439025,0.052250280399522744
72.84552845528455,0.052250280399522744
72.78861788617886,0.07448929530276265
72.73170731707317,0.0887450740868908
72.67479674796748,0.10984362668740046
72.6178861788618,0.10984362668740046
72.5609756097561,0.11212455129286096
72.5040650406504,0.13778495310429162
72.44715447154472,0.15660258109934075
72.39024390243902,0.15660258109934075
72.33333333333333,0.1400658777097521
72.27642276422765,0.13379333504473573
72.21951219512195,0.1594537368561664
72.16260162601625,0.1594537368561664
72.10569105691057,0.1417765711638475
72.04878048780488,0.1417765711638475
71.99186991869918,0.14690865152613364
71.9349593495935,0.14690865152613364
71.8780487804878,0.14405749576930799
71.82113821138212,0.14405749576930799
71.76422764227642,0.16458581721845253
71.70731707317073,0.16458581721845253
71.65040650406505,0.1509002695856895
71.59349593495935,0.1509002695856895
71.53658536585365,0.17256905333756428
71.47967479674797,0.17256905333756428
71.42276422764228,0.17256905333756428
71.36585365853658,0.20108061090582058
71.3089430894309,0.20108061090582058
71.2520325203252,0.2016508420571857
71.1951219512195,0.2016508420571857
71.13821138211382,0.2062126912681067
71.08130081300813,0.21533638968994873
71.02439024390245,0.2062126912681067
70.96747967479675,0.21191500278175798
70.91056910569105,0.21191500278175798
70.85365853658537,0.23301355538226762
70.79674796747967,0.2581037260423331
70.73983739837398,0.2581037260423331
70.6829268292683,0.25753349489096805
70.6260162601626,0.25753349489096805
70.5691056910569,0.26038465064779365
70.51219512195122,0.27806181634011257
70.45528455284553,0.29288782627560583
70.39837398373983,0.29288782627560583
70.34146341463415,0.28946643936741506
70.28455284552845,0.2752106605832869
70.22764227642277,0.2752106605832869
70.17073170731707,0.2883259770646848
70.11382113821138,0.3031519870001781
70.0569105691057,0.3111352231192898
70.0,0.2797725097942079
69.9430894308943,0.2792022786428428
69.88617886178862,0.2763511228860172
69.82926829268293,0.2792022786428428
69.77235772357723,0.2763511228860172
69.71544715447155,0.2752106605832869
69.65853658536585,0.2752106605832869
69.60162601626017,0.28889620821604994
69.54471544715447,0.28889620821604994
69.48780487804878,0.24498840956093526
69.4308943089431,0.24042656035001425
69.3739837398374,0.23529447998772812
69.3170731707317,0.234724248836363
69.26016260162602,0.22217916350633024
69.20325203252033,0.2124852339331231
69.14634146341463,0.17370951564029455
69.08943089430895,0.15831327455343613
69.03252032520325,0.14348726461794287
68.97560975609755,0.11839709395787733
68.91869918699187,0.11839709395787733
68.86178861788618,0.09957946596282818
68.8048780487805,0.09900923481146305
68.7479674796748,0.0933069232978118
68.6910569105691,0.07734045105958827
68.63414634146342,0.07677021990822315
68.57723577235772,0.061373978821364764
68.52032520325203,0.061373978821364764
68.46341463414635,0.028870803193552588
68.40650406504065,0.0157554867121547
68.34959349593495,0.008342481744408062
68.29268292682927,0.0037806325334870557
68.23577235772358,-0.005343065888354957
68.17886178861788,-0.013326302007466716
68.1219512195122,-0.03214393000251587
68.0650406504065,-0.03214393000251587
68.00813008130082,-0.03214393000251587
67.95121951219512,-0.03613554806207175
67.89430894308943,-0.040127166121627623
67.83739837398375,-0.04639970878664401
67.78048780487805,-0.04811040224073939
67.72357723577235,-0.05609363835985115
67.66666666666667,-0.07148987944670955
67.60975609756098,-0.07148987944670955
67.55284552845528,-0.04525924648391376
67.4959349593496,-0.041267628424357876
67.4390243902439,-0.037276010364802
67.3821138211382,-0.037276010364802
67.32520325203252,-0.05381271375439065
67.26829268292683,-0.055523407208486024
67.21138211382114,-0.061225718722137286
67.15447154471545,-0.061225718722137286
67.09756097560975,-0.05609363835985115
67.04065040650407,-0.05609363835985115
66.98373983739837,-0.05609363835985115
66.92682926829268,-0.05609363835985115
66.869918699187,-0.050391326846199895
66.8130081300813,-0.050391326846199895
66.7560975609756,-0.0680684925385188
66.69918699186992,-0.0680684925385188
66.64227642276423,-0.06464710563032804
66.58536585365853,-0.06464710563032804
66.52845528455285,-0.08061357786855157
66.47154471544715,-0.10456328622588686
66.41463414634147,-0.10456328622588686
66.35772357723577,-0.0971502812581402
66.30081300813008,-0.0971502812581402
66.2439024390244,-0.09258843204721921
66.1869918699187,-0.09258843204721921
66.130081300813,-0.10399305507452172
66.07317073170732,-0.10399305507452172
66.01626016260163,-0.10399305507452172
65.95934959349593,-0.09258843204721921
65.90243902439025,-0.11425721579909398
65.84552845528455,-0.09600981895540996
65.78861788617886,-0.09600981895540996
65.73170731707317,-0.06920895484124905
65.67479674796748,-0.06920895484124905
65.6178861788618,-0.11425721579909398
65.5609756097561,-0.11425721579909398
65.5040650406504,-0.11083582889090322
65.44715447154472,-0.11083582889090322
65.39024390243902,-0.11083582889090322
65.33333333333333,-0.10000143701496583
65.27642276422765,-0.06521733678169317
65.21951219512195,-0.06521733678169317
65.16260162601625,-0.08346473362537718
65.10569105691057,-0.08574565823083768
65.04878048780488,-0.10171213046906122
64.99186991869918,-0.10969536658817297
64.9349593495935,-0.10969536658817297
64.8780487804878,-0.06008525641940703
64.82113821138212,-0.06008525641940703
64.76422764227642,-0.07148987944670955
64.70731707317073,-0.07148987944670955
64.65040650406505,-0.0680684925385188
64.59349593495935,-0.0680684925385188
64.53658536585365,-0.06977918599261416
64.47967479674797,-0.06977918599261416
64.42276422764228,-0.050391326846199895
64.36585365853658,-0.050391326846199895
64.3089430894309,-0.058374562965311655
64.2520325203252,-0.07377080405217004
64.1951219512195,-0.07776242211172593
64.13821138211382,-0.07890288441445618
64.08130081300813,-0.08802658283629819
64.02439024390245,-0.08574565823083768
63.96747967479675,-0.08574565823083768
63.91056910569106,-0.06521733678169317
63.853658536585364,-0.06521733678169317
63.796747967479675,-0.06863872368988393
63.739837398373986,-0.06863872368988393
63.68292682926829,-0.06863872368988393
63.6260162601626,-0.0680684925385188
63.56910569105691,-0.0680684925385188
63.51219512195122,-0.0680684925385188
63.45528455284553,-0.08460519592810745
63.39837398373984,-0.06521733678169317
63.34146341463415,-0.06521733678169317
63.28455284552845,-0.0749112663549003
63.22764227642276,-0.10285259277179146
63.170731707317074,-0.10285259277179146
63.113821138211385,-0.05153178914893015
63.05691056910569,-0.05153178914893015
63.0,-0.04639970878664401
62.94308943089431,-0.032714161153881
62.886178861788615,-0.032714161153881
62.829268292682926,-0.03442485460797637
62.77235772357724,-0.03442485460797637
62.71544715447155,0.008342481744408062
62.65853658536585,0.02601964743672696
62.60162601626016,0.02601964743672696
62.54471544715447,0.0357135770099341
62.48780487804878,0.0733488330000324
62.43089430894309,0.0733488330000324
62.3739837398374,0.06194420997272988
62.31707317073171,0.06194420997272988
62.260162601626014,0.08247253142187441
62.203252032520325,0.09615807905463744
62.146341463414636,0.10186039056828869
62.08943089430894,0.10186039056828869
62.03252032520325,0.12523986777425886
61.97560975609756,0.1286612546824496
61.91869918699187,0.16515604836981765
61.86178861788618,0.18568436981896216
61.80487804878049,0.18568436981896216
61.7479674796748,0.18568436981896216
61.6910569105691,0.18967598787851808
61.63414634146341,0.21875777659813947
61.577235772357724,0.21875777659813947
61.520325203252035,0.22046847005223486
61.46341463414634,0.2198982389008697
61.40650406504065,0.22731124386861634
61.34959349593496,0.2501204899232214
61.292682926829265,0.26437626870734954
61.235772357723576,0.29345805742697095
61.17886178861789,0.3236803084493226
61.1219512195122,0.3014412935460827
61.0650406504065,0.3014412935460827
61.00813008130081,0.29801990663789196
60.951219512195124,0.32025892154113184
60.89430894308943,0.32025892154113184
60.83739837398374,0.3864057350994865
60.78048780487805,0.4006615138836146
60.72357723577236,0.3875461974022167
60.666666666666664,0.41149590575955197
60.609756097560975,0.41149590575955197
60.552845528455286,0.41149590575955197
60.49593495934959,0.4171982172732032
60.4390243902439,0.44399908138736416
60.38211382113821,0.4514120863551108
60.32520325203252,0.44399908138736416
60.26829268292683,0.4514120863551108
60.21138211382114,0.506724508037528
60.15447154471545,0.506724508037528
60.09756097560975,0.4941794227074952
60.040650406504064,0.4941794227074952
59.983739837398375,0.5152779753080049
59.926829268292686,0.5152779753080049
59.86991869918699,0.5272528294866725
59.8130081300813,0.5340956033030541
59.75609756097561,0.5711606281417871
59.699186991869915,0.5443597640276263
59.642276422764226,0.5443597640276263
59.58536585365854,0.6076554218291553
59.52845528455285,0.6076554218291553
59.47154471544715,0.5991019545586783
59.41463414634146,0.5991019545586783
59.357723577235774,0.628753974429665
59.300813008130085,0.628753974429665
59.24390243902439,0.628753974429665
59.1869918699187,0.6435799843651582
59.13008130081301,0.6663892304197632
59.073170731707314,0.6789343157497959
59.016260162601625,0.6789343157497959
58.959349593495936,0.7370978931890387
58.90243902439025,0.7285444259185619
58.84552845528455,0.7285444259185619
58.78861788617886,0.7422299735513249
58.73170731707317,0.7849973099037094
58.67479674796748,0.7849973099037094
58.61788617886179,0.7849973099037094
58.5609756097561,0.8100874805637749
58.50406504065041,0.8214921035910775
58.447154471544714,0.8214921035910775
58.390243902439025,0.8214921035910775
58.333333333333336,0.8585571284298106
58.27642276422764,0.8847877613926063
58.21951219512195,0.8847877613926063
58.16260162601626,0.9001840024794648
58.10569105691057,0.942381107680484
58.048780487804876,0.942381107680484
57.99186991869919,0.942381107680484
57.9349593495935,0.9748842833082964
57.8780487804878,1.0262050869311576
57.82113821138211,1.0262050869311576
57.764227642276424,1.045592946077572
57.707317073170735,1.0621296494671604
57.65040650406504,1.1237146138145941
57.59349593495935,1.1237146138145941
57.53658536585366,1.1248550761173244
57.479674796747965,1.1550773271396761
57.422764227642276,1.1550773271396761
57.36585365853659,1.1607796386533273
57.3089430894309,1.2434631556012705
57.2520325203252,1.2451738490553659
57.19512195121951,1.2531570851744775
57.13821138211382,1.2679830951099709
57.08130081300813,1.2936434969214017
57.02439024390244,1.2993458084350529
56.96747967479675,1.326146672549214
56.91056910569106,1.3461047628469933
56.853658536585364,1.3523773055120096
56.796747967479675,1.3626414662365816
56.739837398373986,1.3979957976212196
56.68292682926829,1.4202348125244593
56.6260162601626,1.4299287420976667
56.56910569105691,1.4304989732490316
56.51219512195122,1.4550189127577322
56.45528455284553,1.489803012991005
56.39837398373984,1.5428345100679617
56.34146341463415,1.5485368215816129
56.28455284552845,1.5804697660580598
56.22764227642276,1.6300798762268258
56.170731707317074,1.635211956589112
56.113821138211385,1.6420547304054933
56.05691056910569,1.6865327602119733
56.0,1.7412749507430252
55.94308943089431,1.7429856441971208
55.886178861788615,1.7920255232145215
55.829268292682926,1.8273798545991593
55.77235772357724,1.8325119349614454
55.71544715447155,1.8325119349614454
55.65853658536585,1.8325119349614454
55.60162601626016,1.871287653254274
55.54471544715447,1.9237489191798656
55.48780487804878,1.9545414013535825
55.43089430894309,1.9836231900732035
55.3739837398374,2.039505842906986
55.31707317073171,2.048059310177463
55.260162601626014,2.120478666400834
55.203252032520325,2.138155832093153
55.146341463414636,2.1472795305149948
55.08943089430894,2.1472795305149948
55.03252032520325,2.1906170980187443
54.97560975609756,2.2105751883165237
54.91869918699187,2.2459295197011615
54.86178861788618,2.2499211377607176
54.80487804878049,2.256763911577099
54.7479674796748,2.287556393750816
54.6910569105691,2.3097954086540557
54.63414634146341,2.3217702628327235
54.577235772357724,2.3531329761578053
54.520325203252035,2.3901980009965387
54.46341463414634,2.437527186559844
54.40650406504065,2.4820052163663235
54.34959349593496,2.4854266032745143
54.292682926829265,2.5264832461728037
54.235772357723576,2.5395985626542017
54.17886178861789,2.5435901807137573
54.1219512195122,2.5766635874929347
54.0650406504065,2.5903491351256975
54.00813008130081,2.618860692693954
53.951219512195124,2.6262736976617007
53.89430894308943,2.636537858386273
53.83739837398374,2.6450913256567494
53.78048780487805,2.731766460664249
53.72357723577236,2.7426008525401864
53.666666666666664,2.748303164053837
53.609756097560975,2.80646674149308
53.552845528455286,2.826995062942225
53.49593495934959,2.8429615351804483
53.4390243902439,2.8515150024509253
53.38211382113821,2.890290720743754
53.32520325203252,2.9250748209770268
53.26829268292683,2.9250748209770268
53.21138211382114,2.941611524366615
53.15447154471545,2.9427519866693457
53.09756097560975,2.9860895541730947
53.040650406504064,2.9878002476271903
52.983739837398375,3.045393593915068
52.926829268292686,3.045393593915068
52.86991869918699,3.0510959054287192
52.8130081300813,3.0550875234882753
52.75609756097561,3.0972846286892945
52.699186991869915,3.099565553294755
52.642276422764226,3.1018464779002155
52.58536585365854,3.1463245077066953
52.52845528455285,3.205058316297303
52.47154471544715,3.223305713140987
52.41463414634146,3.231859180411464
52.357723577235774,3.2803288282775
52.300813008130085,3.341913792624933
52.24390243902439,3.359590958317252
52.1869918699187,3.4052094504264625
52.13008130081301,3.431440083389258
52.073170731707314,3.437142394902909
52.016260162601625,3.50842128882355
51.959349593495936,3.560882554749142
51.90243902439025,3.562023017051872
51.84552845528455,3.583691800803747
51.78861788617886,3.6190461321883842
51.73170731707317,3.633301910972513
51.67479674796748,3.636723297880703
51.61788617886179,3.6401446847888943
51.5609756097561,3.7325221313100445
51.50406504065041,3.7399351362777913
51.447154471544714,3.743356523185982
51.390243902439025,3.797528482565669
51.333333333333336,3.8214781909230044
51.27642276422764,3.859683678064467
51.21951219512195,3.8745096879999608
51.16260162601626,3.891616622540915
51.10569105691057,3.9360946523473945
51.048780487804876,3.9583336672506344
50.99186991869919,3.9811429133052396
50.9349593495935,3.993117767483907
50.8780487804878,4.0615455056477225
50.82113821138211,4.072950128675025
50.764227642276424,4.12256023884379
50.707317073170735,4.125411394600616
50.65040650406504,4.131683937265633
50.59349593495935,4.143658791444301
50.53658536585366,4.16589780634754
50.479674796747965,4.204673524640368
50.422764227642276,4.228053001846339
50.36585365853659,4.232614851057259
50.3089430894309,4.248581323295483
50.2520325203252,4.269679875895993
50.19512195121951,4.314157905702473
50.13821138211382,4.331264840243427
50.08130081300813,4.342099232119364
50.02439024390244,4.353503855146666
49.96747967479675,4.391139111136765
49.91056910569106,4.4327659851864185
49.853658536585364,4.433336216337784
49.796747967479675,4.452724075484198
49.739837398373986,4.4544347689382935
49.68292682926829,4.485797482263376
49.6260162601626,4.512598346377536
49.56910569105691,4.54966337121627
49.51219512195122,4.5736130795736045
49.45528455284553,4.575894004179065
49.39837398373984,4.588439089509098
49.34146341463415,4.611818566715068
49.28455284552845,4.66427983264066
49.22764227642276,4.691650927906186
49.170731707317074,4.726435028139458
49.113821138211385,4.774334444854129
49.05691056910569,4.775474907156859
49.0,4.776045138308224
48.94308943089431,4.781747449821876
48.886178861788615,4.82565524847699
48.829268292682926,4.874124896343027
48.77235772357724,4.8815379013107725
48.71544715447155,4.894653217792171
48.65853658536585,4.933428936084999
48.60162601626016,4.988171126616051
48.54471544715447,4.9961543627351634
48.48780487804878,4.9961543627351634
48.43089430894309,5.014401759578848
48.3739837398374,5.044053779449834
48.31707317073171,5.0782676485317415
48.260162601626014,5.0782676485317415
48.203252032520325,5.083399728894027
48.146341463414636,5.111911286462284
48.08943089430894,5.146695386695557
48.03252032520325,5.148406080149652
47.97560975609756,5.212842200253911
47.91869918699187,5.23394075285442
47.86178861788618,5.237932370913977
47.80487804878049,5.261311848119947
47.7479674796748,5.2932447925963935
47.6910569105691,5.298947104110045
47.63414634146341,5.314913576348268
47.577235772357724,5.319475425559189
47.520325203252035,5.3953161686907505
47.46341463414634,5.395886399842117
47.40650406504065,5.40957194747488
47.34959349593496,5.40957194747488
47.292682926829265,5.439223967345866
47.235772357723576,5.439223967345866
47.17886178861789,5.442645354254056
47.1219512195122,5.468875987216852
47.0650406504065,5.517345635082888
47.00813008130081,5.5595427402839075
46.951219512195124,5.572658056765306
46.89430894308943,5.5857733732467025
46.83739837398374,5.5857733732467025
46.78048780487805,5.615995624269055
46.72357723577236,5.615995624269055
46.666666666666664,5.615995624269055
46.609756097560975,5.619417011177245
46.552845528455286,5.65876296062144
46.49593495934959,5.695257754308808
46.4390243902439,5.695257754308808
46.38211382113821,5.698679141216998
46.32520325203252,5.716356306909317
46.26829268292683,5.723769311877064
46.21138211382114,5.74885948253713
46.15447154471545,5.74885948253713
46.09756097560975,5.74885948253713
46.040650406504064,5.7653961859267175
45.983739837398375,5.771098497440369
45.926829268292686,5.7745198843485595
45.86991869918699,5.798469592705895
45.8130081300813,5.832113230636438
45.75609756097561,5.846369009420566
45.699186991869915,5.8629057128101545
45.642276422764226,5.8629057128101545
45.58536585365854,5.8800126473511085
45.52845528455285,5.902821893405713
45.47154471544715,5.916507441038476
45.41463414634146,5.916507441038476
45.357723577235774,5.907953973768
45.300813008130085,5.907953973768
45.24390243902439,5.959274777390861
45.1869918699187,5.963266395450416
45.13008130081301,5.988926797261847
45.073170731707314,5.994058877624133
45.016260162601625,5.995199339926864
44.959349593495936,6.039677369733344
44.90243902439025,6.039677369733344
44.84552845528455,6.054503379668837
44.78861788617886,6.06932938960433
44.73170731707317,6.077312625723441
44.67479674796748,6.079023319177536
44.61788617886179,6.110956263653984
44.5609756097561,6.126922735892208
44.50406504065041,6.140038052373606
44.447154471544714,6.140038052373606
44.390243902439025,6.16170683612548
44.333333333333336,6.168549609941862
44.27642276422764,6.186797006785546
44.21951219512195,6.190218393693737
44.16260162601626,6.2329857300461216
44.10569105691057,6.276323297549871
44.048780487804876,6.279744684458061
43.99186991869919,6.296851618999015
43.9349593495935,6.337338030745939
43.8780487804878,6.337338030745939
43.82113821138211,6.329925025778192
43.764227642276424,6.329925025778192
43.707317073170735,6.36527935716283
43.65040650406504,6.374403055584672
43.59349593495935,6.388088603217436
43.53658536585366,6.412608542726136
43.479674796747965,6.418310854239786
43.422764227642276,6.437698713386201
43.36585365853659,6.487879054706332
43.3089430894309,6.508977607306841
43.2520325203252,6.511258531912302
43.19512195121951,6.52323338609097
43.13821138211382,6.559157948626972
43.08130081300813,6.583677888135673
43.02439024390244,6.5870992750438635
42.96747967479675,6.593942048860246
42.91056910569106,6.593942048860246
42.853658536585364,6.607627596493009
42.796747967479675,6.624734531033963
42.739837398373986,6.624734531033963
42.68292682926829,6.661229324721331
42.6260162601626,6.725665444825589
42.56910569105691,6.714260821798287
42.51219512195122,6.714260821798287
42.45528455284553,6.7233845202201294
42.39837398373984,6.738780761306987
42.34146341463415,6.765011394269783
42.28455284552845,6.792382489535309
42.22764227642276,6.806638268319437
42.170731707317074,6.811200117530358
42.113821138211385,6.824315434011757
42.05691056910569,6.8471246800663605
42.0,6.863091152304585
41.94308943089431,6.885330167207824
41.886178861788615,6.88590039835919
41.829268292682926,6.918973805138367
41.77235772357724,6.934370046225226
41.71544715447155,6.958319754582561
41.65853658536585,6.969154146458498
41.60162601626016,6.979418307183071
41.54471544715447,6.9834099252426265
41.48780487804878,6.983980156393992
41.43089430894309,6.994814548269929
41.3739837398374,7.004508477843136
41.31707317073171,7.014772638567709
41.260162601626014,7.028458186200472
41.203252032520325,7.038722346925043
41.146341463414636,7.084911070185618
41.08943089430894,7.109431009694319
41.03252032520325,7.137942567262575
40.97560975609756,7.138512798413941
40.91869918699187,7.143074647624862
40.86178861788618,7.154479270652165
40.80487804878049,7.181280134766325
40.7479674796748,7.223477239967345
40.6910569105691,7.257691109049252
40.63414634146341,7.258261340200617
40.577235772357724,7.257691109049252
40.520325203252035,7.258261340200617
40.46341463414634,7.261682727108807
40.40650406504065,7.332391389878083
40.34959349593496,7.360902947446339
40.292682926829265,7.36546479665726
40.235772357723576,7.374018263927738
40.17886178861789,7.379150344290024
40.1219512195122,7.4076619018582806
40.0650406504065,7.417355831431488
40.00813008130081,7.43332230366971
39.951219512195124,7.445867388999743
39.89430894308943,7.4663957104488885
39.83739837398374,7.469817097357079
39.78048780487805,7.469817097357079
39.72357723577236,7.507452353347178
39.666666666666664,7.5314020617045125
39.609756097560975,7.558773156970038
39.552845528455286,7.58443355878147
39.49593495934959,7.612945116349725
39.4390243902439,7.627771126285219
39.38211382113821,7.649439910037094
39.32520325203252,7.666546844578047
39.26829268292683,7.677381236453985
39.21138211382114,7.70019048250859
39.15447154471545,7.734974582741863
39.09756097560975,7.770328914126501
39.040650406504064,7.770328914126501
38.983739837398375,7.7788823813969765
38.926829268292686,7.84046734574441
38.86991869918699,7.869549134464032
38.8130081300813,7.886656069004985
38.75609756097561,7.92714248075191
38.699186991869915,7.9368364103251166
38.642276422764226,7.9476708022010545
38.58536585365854,7.993289294310265
38.52845528455285,8.055444489809064
38.47154471544715,8.057725414414524
38.41463414634146,8.071981193198653
38.357723577235774,8.10847598688602
38.300813008130085,8.152383785541135
38.24390243902439,8.152383785541135
38.1869918699187,8.159796790508882
38.13008130081301,8.202564126861265
38.073170731707314,8.222522217159046
38.016260162601625,8.257306317392317
37.959349593495936,8.300643884896067
37.90243902439025,8.332006598221149
37.84552845528455,8.347973070459373
37.78861788617886,8.372493009968073
37.73170731707317,8.396442718325408
37.67479674796748,8.439780285829158
37.61788617886179,8.471142999154239
37.5609756097561,8.49908432557113
37.50406504065041,8.51334010435526
37.447154471544714,8.579486917913613
37.390243902439025,8.60685801317914
37.333333333333336,8.666162052921113
37.27642276422764,8.692392685883908
37.21951219512195,8.719193549998069
37.16260162601626,8.76595250441001
37.10569105691057,8.79503429312963
37.048780487804876,8.82810769990881
36.99186991869919,8.858900182082525
36.9349593495935,8.893114051164433
36.8780487804878,8.951277628603675
36.82113821138211,8.978078492717836
36.764227642276424,8.996896120712886
36.707317073170735,9.066464321179431
36.65040650406504,9.092124722990862
36.59349593495935,9.117214893650928
36.53658536585366,9.15085853158147
36.479674796747965,9.15085853158147
36.422764227642276,9.15085853158147
36.36585365853659,9.208451877869347
36.3089430894309,9.283722389849544
36.2520325203252,9.302540017844594
36.19512195121951,9.309382791660974
36.13821138211382,9.370397524857044
36.08130081300813,9.443387112231779
36.02439024390244,9.486154448584163
35.96747967479675,9.520938548817437
35.91056910569106,9.548879875234327
35.853658536585364,9.589366286981251
35.796747967479675,9.669768879323735
35.739837398373986,9.686305582713322
35.68292682926829,9.692578125378338
35.6260162601626,9.7570142454826
35.56910569105691,9.796360194926791
35.51219512195122,9.826012214797778
35.45528455284553,9.865928395393338
35.39837398373984,9.92181104822712
35.34146341463415,9.96857000263906
35.28455284552845,10.013048032445539
35.22764227642276,10.087178082123005
35.170731707317074,10.117970564296725
35.113821138211385,10.14762258416771
35.05691056910569,10.176704372887329
35.0,10.226314483056097
34.94308943089431,10.25026419141343
34.886178861788615,10.324964472242264
34.829268292682926,10.38027689392468
34.77235772357724,10.398524290768366
34.71544715447155,10.428746541790717
34.65853658536585,10.473224571597196
34.60162601626016,10.536520229398725
34.54471544715447,10.559899706604694
34.48780487804878,10.6693840876668
34.43089430894309,10.704168187900072
34.3739837398374,10.724126278197852
34.31707317073171,10.777157775274809
34.260162601626014,10.833610659259955
34.203252032520325,10.868964990644594
34.146341463414636,10.92883926153793
34.08943089430894,10.972176829041683
34.03252032520325,11.033761793389116
33.97560975609756,11.12442854645617
33.91869918699187,11.177460043533125
33.86178861788618,11.205971601101384
33.80487804878049,11.23904500788056
33.7479674796748,11.325720142888057
33.6910569105691,11.389015800689588
33.63414634146341,11.428361750133782
33.577235772357724,11.463716081518418
33.520325203252035,11.504772724416709
33.46341463414634,11.563506533007317
33.40650406504065,11.615967798932909
33.34959349593496,11.675271838674881
33.292682926829265,11.737427034173681
33.235772357723576,11.815548701910702
33.17886178861789,11.859456500565816
33.1219512195122,11.9153391533996
33.0650406504065,11.949553022481508
33.00813008130081,12.08355734305231
32.951219512195124,12.11549028752876
32.89430894308943,12.191901261811687
32.83739837398374,12.279716859121914
32.78048780487805,12.317922346263376
32.72357723577236,12.337310205409793
32.666666666666664,12.444513661866436
32.609756097560975,12.525486485360284
32.552845528455286,12.57851798243724
32.49593495934959,12.684580976591155
32.4390243902439,12.80432951837783
32.38211382113821,12.853939628546597
32.32520325203252,12.897277196050347
32.26829268292683,13.045537295405278
32.21138211382114,13.090585556363123
32.15447154471545,13.153310983013286
32.09756097560975,13.273059524799965
32.040650406504064,13.36600720247248
31.983739837398375,13.442988407906771
31.926829268292682,13.559315562785258
31.869918699186993,13.661957170030979
31.8130081300813,13.724112365529777
31.75609756097561,13.811927962840008
31.69918699186992,13.89004963057703
31.642276422764226,13.93908950959443
31.585365853658537,13.999534011639135
31.528455284552845,14.174594975108228
31.471544715447155,14.208808844190136
31.414634146341463,14.293773285743539
31.357723577235774,14.410100440622026
31.30081300813008,14.488792339510411
31.24390243902439,14.56406285149061
31.1869918699187,14.672977001401348
31.130081300813007,14.725438267326938
31.073170731707318,14.8012790104585
31.016260162601625,14.917606165336988
30.959349593495936,15.02937147100455
30.902439024390244,15.11832753061751
30.84552845528455,15.235795147798726
30.788617886178862,15.542579507233164
30.73170731707317,15.60872632079152
30.67479674796748,15.707376309977686
30.617886178861788,15.808307223769313
30.5609756097561,15.870462419268112
30.504065040650406,15.898403745685004
30.447154471544714,15.983938418389773
30.390243902439025,16.148164989982927
30.333333333333332,16.23940197420135
30.276422764227643,16.331209189571133
30.21951219512195,16.5165343137648
30.16260162601626,16.631721006340555
30.10569105691057,16.719536603650784
30.048780487804876,17.025750731933854
29.991869918699187,17.163746670564215
29.934959349593495,17.312577001070515
29.878048780487806,17.435746929765383
29.821138211382113,17.587998647179873
29.764227642276424,17.728275510415692
29.70731707317073,17.87482491631653
29.650406504065042,18.044183568271972
29.59349593495935,18.189592511870078
29.536585365853657,18.27455695342348
29.479674796747968,18.439353756168003
29.422764227642276,18.65262020677856
29.365853658536587,18.806582617647145
29.308943089430894,19.10424327865974
29.252032520325205,19.26333776989061
29.195121951219512,19.385367236282747
29.13821138211382,19.507396702674882
29.08130081300813,19.66934234966258
29.024390243902438,19.885459956029962
28.96747967479675,20.075917160585913
28.910569105691057,20.24869719944955
28.853658536585368,20.485343127266077
28.796747967479675,20.710014200903935
28.739837398373982,20.88735608897849
28.682926829268293,21.06298728359895
28.6260162601626,21.208396227197053
28.56910569105691,21.579616706735752
28.51219512195122,21.803717549222245
28.45528455284553,22.015843537530074
28.398373983739837,22.229680219291993
28.341463414634145,22.416716036939757
28.284552845528456,22.61173509070663
28.227642276422763,22.85237263658271
28.170731707317074,23.08274602173422
28.11382113821138,23.21846103575912
28.056910569105693,23.392951768076852
28.0,23.578276892270516
27.943089430894307,23.72311560471726
27.88617886178862,23.948356909506483
27.829268292682926,24.3013299922015
27.772357723577237,24.53740568886666
27.715447154471544,24.813967797278742
27.658536585365855,25.018680780618823
27.601626016260163,25.21427006553706
27.54471544715447,25.388760797854793
27.48780487804878,25.589482163135315
27.43089430894309,25.80617000065406
27.3739837398374,26.014304370902334
27.317073170731707,26.195637877036443
27.260162601626018,26.442547965577543
27.203252032520325,26.656384647339465
27.146341463414632,26.92610398193517
27.089430894308943,27.40566838023324
27.03252032520325,27.61437298163288
26.975609756097562,27.9017694819209
26.91869918699187,28.191446906814384
26.86178861788618,28.406994282030404
26.804878048780488,28.65162344596604
26.747967479674795,28.95099480043273
26.691056910569106,29.29883580276546
26.634146341463413,29.581100222691195
26.577235772357724,29.821167537415914
26.520325203252032,30.142207675634477
26.463414634146343,30.469520356518064
26.40650406504065,30.739809922265135
26.349593495934958,31.238762179709617
26.29268292682927,31.545546539144055
26.235772357723576,31.936154877829164
26.178861788617887,32.339308301844305
26.121951219512194,32.720222710956214
26.065040650406505,33.015032216211985
26.008130081300813,33.26536369166127
25.951219512195124,33.51797609171602
25.89430894308943,33.80708328545814
25.83739837398374,34.161196830455886
25.78048780487805,34.53298754114595
25.723577235772357,34.87512623196503
25.666666666666668,35.204719837454064
25.609756097560975,35.5132148903426
25.552845528455286,36.15529516677973
25.495934959349594,36.48431854111741
25.4390243902439,36.87720780440798
25.382113821138212,37.213073952562034
25.32520325203252,37.516436925088286
25.26829268292683,37.81409758610088
25.211382113821138,38.23492817580834
25.15447154471545,38.623255589888
25.097560975609756,38.99162491366987
25.040650406504064,39.340606378305324
24.983739837398375,39.590367622603246
24.926829268292682,39.870351117923526
24.869918699186993,40.28034731575505
24.8130081300813,41.27939229294675
24.75609756097561,41.80856680141359
24.69918699186992,42.219703461547844
24.642276422764226,42.68558231221315
24.585365853658537,43.07048833938461
24.528455284552845,43.45368367310197
24.471544715447155,43.82547438379204
24.414634146341463,44.18985208951435
24.357723577235774,44.67911041738564
24.30081300813008,45.28070428207584
24.24390243902439,45.82071318241861
24.1869918699187,46.31909520871173
24.130081300813007,46.78896567743659
24.073170731707318,47.78230834311464
24.016260162601625,48.406141222708094
23.959349593495936,49.028833639998815
23.902439024390244,49.57454485185523
23.84552845528455,50.079199420813374
23.788617886178862,50.64886034102713
23.73170731707317,51.20540594475949
23.67479674796748,51.82524720629338
23.617886178861788,52.49412834684468
23.5609756097561,53.095722211534884
23.504065040650406,53.5616010622002
23.447154471544714,54.03660361128735
23.390243902439025,54.607975224955204
23.333333333333332,55.89555716473765
23.276422764227643,56.517109119725646
23.21951219512195,57.109009054842645
23.16260162601626,57.58743299083799
23.10569105691057,57.98032225412855
23.048780487804876,58.31162655307169
22.991869918699187,58.657756861950325
22.934959349593495,59.142453340610686
22.878048780487806,59.52907006123623
22.821138211382113,59.698428713191674
22.764227642276424,59.80962378770788
22.70731707317073,59.82787118455156
22.650406504065042,59.86094459133074
22.59349593495935,60.06337665006536
22.536585365853657,60.19795120178753
22.479674796747968,60.24528038735083
22.422764227642276,60.26751940225407
22.365853658536587,60.274362176070454
22.308943089430894,60.304584427092806
22.252032520325205,60.39810233591669
22.195121951219512,60.53552804339568
22.13821138211382,60.72997686601119
22.08130081300813,60.910169909842566
22.024390243902438,61.02592683356969
21.96747967479675,61.14624560650773
21.910569105691057,61.25915137447803
21.853658536585368,61.49579730229455
21.796747967479675,61.51347446798687
21.739837398373982,61.51689585489507
21.682926829268293,61.54255625670649
21.6260162601626,61.57734035693977
21.56910569105691,61.57734035693977
21.51219512195122,61.54027533210103
21.45528455284553,61.54027533210103
21.398373983739837,61.618396999838055
21.341463414634145,61.65660248697952
21.284552845528456,61.67941173303413
21.227642276422763,61.78262357143121
21.170731707317074,62.03580620263733
21.11382113821138,62.62770613775433
21.056910569105693,62.78623039783383
21.0,62.91054078883143
20.943089430894307,63.04853672746179
20.88617886178862,63.100427762236016
20.829268292682926,63.176838736518945
20.772357723577237,63.253249710801875
20.715447154471544,63.328520222782075
20.658536585365855,63.44997945802284
20.601626016260163,63.473929166380174
20.54471544715447,63.52981181921396
20.48780487804878,63.67236960705524
20.43089430894309,63.931254549775005
20.3739837398374,64.39428224468348
20.317073170731707,64.39428224468348
20.260162601626018,64.39428224468348
20.203252032520325,64.45016489751727
20.146341463414632,64.58987152960172
20.089430894308943,64.78260965876315
20.03252032520325,64.89551542673344
19.975609756097562,64.9844714863464
19.91869918699187,65.05974199832659
19.86178861788618,65.18918446968648
19.804878048780488,65.27928099160216
19.747967479674795,65.36823705121513
19.691056910569106,65.62141968242123
19.634146341463413,65.81301734927992
19.577235772357724,65.95044305675891
19.520325203252032,66.04852281479373
19.463414634146343,66.13462771864985
19.40650406504065,66.24582279316604
19.349593495934958,66.32622538550854
19.29268292682927,66.45623808801979
19.235772357723576,66.55773923296277
19.178861788617887,66.64669529257574
19.121951219512194,66.68433054856584
19.065040650406505,66.69345424698768
19.008130081300813,66.74933689982146
18.951219512195124,67.08577327912688
18.89430894308943,67.23688453423864
18.83739837398374,67.32013828233795
18.78048780487805,67.38571486474494
18.723577235772357,67.47181976860107
18.666666666666668,67.5596353659113
18.609756097560975,67.7050443095094
18.552845528455286,67.85330440886435
18.495934959349594,68.03577837730118
18.4390243902439,68.2513257525172
18.382113821138212,68.32203441528648
18.32520325203252,68.36309105818476
18.26829268292683,68.44292341937589
18.211382113821138,68.87858001901884
18.15447154471545,69.03482335449289
18.097560975609756,69.14943981591728
18.040650406504064,69.25721350352528
17.983739837398375,69.37981320106879
17.926829268292682,69.54860162187286
17.869918699186993,69.72537327879606
17.8130081300813,69.91354955874654
17.75609756097561,70.1496252554117
17.69918699186992,70.37144517329274
17.642276422764226,70.52312665955586
17.585365853658537,70.69818762302495
17.528455284552845,70.83219194359576
17.471544715447155,71.10647312740238
17.414634146341463,71.18801618204759
17.357723577235774,71.24789045294094
17.30081300813008,71.36535807012216
17.24390243902439,71.51076701372027
17.1869918699187,71.64477133429106
17.130081300813007,71.74513201693132
17.073170731707318,71.76794126298593
17.016260162601625,71.82610484042517
16.959349593495936,71.95269615602824
16.902439024390244,72.02967736146253
16.84552845528455,72.07700654702583
16.788617886178862,72.14429382288692
16.73170731707317,72.28114929921455
16.67479674796748,72.40488945906077
16.617886178861788,72.47730881528415
16.5609756097561,72.5206463827879
16.504065040650406,72.59363597016264
16.447154471544714,72.68829434128925
16.390243902439025,72.73163190879299
16.333333333333332,72.73163190879299
16.276422764227643,72.68715387898652
16.21951219512195,72.68715387898652
16.16260162601626,72.68772411013788
16.10569105691057,72.7168058988575
16.048780487804876,72.76299462211809
15.991869918699187,72.78979548623224
15.934959349593496,72.81887727495186
15.878048780487806,72.875330158937
15.821138211382113,72.90726310341346
15.764227642276422,73.00363216799416
15.707317073170731,73.05780412737384
15.65040650406504,73.05780412737384
15.59349593495935,73.05780412737384
15.536585365853659,73.05096135355745
15.479674796747968,73.02302002714057
15.422764227642276,73.02302002714057
15.365853658536585,73.07034921270387
15.308943089430894,73.07034921270387
15.252032520325203,73.0389864993788
15.195121951219512,73.03328418786514
15.138211382113822,73.02302002714057
15.08130081300813,73.00249170569143
15.024390243902438,73.00249170569143
14.967479674796747,73.01902840908102
14.910569105691057,73.01902840908102
14.853658536585366,73.01902840908102
14.796747967479675,73.0338544190165
14.739837398373984,73.08346452918528
14.682926829268293,73.17070989534415
14.626016260162602,73.24541017617297
14.56910569105691,73.37371218523013
14.512195121951219,73.6143497311062
