area_per_molecule (Ang^2/molecule),surface pressure (mN/m)
123.8729674796748,98.10570301046263
123.82317073170732,98.09450590808183
123.77337398373983,98.09297903048446
123.72357723577235,98.09297903048446
123.67378048780488,98.09297903048446
123.6239837398374,98.08890735689143
123.57418699186992,98.09297903048446
123.52439024390245,98.08890735689143
123.47459349593495,98.09297903048446
123.42479674796748,98.10264925526786
123.375,98.10264925526786
123.32520325203252,98.09654174487834
123.27540650406505,98.08330880570102
123.22560975609755,98.07465649931586
123.17581300813008,98.07465649931586
123.1260162601626,98.0695669073246
123.07621951219512,98.05684292734642
123.02642276422765,98.05684292734642
122.97662601626017,98.05684292734642
122.92682926829268,98.04920853935951
122.8770325203252,98.04920853935951
122.82723577235772,98.06193251933769
122.77743902439025,98.05684292734642
122.72764227642277,98.02783225299616
122.67784552845528,98.02783225299616
122.6280487804878,98.02528745700053
122.57825203252033,98.03750247777958
122.52845528455285,98.03444872258481
122.47865853658537,98.03444872258481
122.42886178861788,98.02376057940316
122.3790650406504,98.00747388503108
122.32926829268293,98.00747388503108
122.27947154471545,98.01154555862409
122.22967479674797,98.02325162020402
122.1798780487805,98.02325162020402
122.130081300813,97.99780366024767
122.08028455284553,97.99780366024767
122.03048780487805,97.98304384347298
121.98069105691057,97.98304384347298
121.9308943089431,97.98813343546425
121.8810975609756,97.99067823145988
121.83130081300813,97.99780366024767
121.78150406504065,98.00238429303981
121.73170731707317,98.00238429303981
121.6819105691057,97.99220510905727
121.6321138211382,97.96523027150351
121.58231707317073,97.95301525072448
121.53252032520325,97.95250629152534
121.48272357723577,97.93571063795414
121.4329268292683,97.93571063795414
121.38313008130082,97.93571063795414
121.33333333333333,97.91484331078993
121.28353658536585,97.91026267799779
121.23373983739837,97.90924475959953
121.1839430894309,97.90924475959953
121.13414634146342,97.92349561717509
121.08434959349593,97.92349561717509
121.03455284552845,97.91484331078993
120.98475609756098,97.9122985147943
120.9349593495935,97.90211933081176
120.88516260162602,97.90211933081176
120.83536585365853,97.9122985147943
120.78556910569105,97.9122985147943
120.73577235772358,97.9066999636039
120.6859756097561,97.9066999636039
120.63617886178862,97.91026267799779
120.58638211382114,97.9199329027812
120.53658536585365,97.92095082117946
120.48678861788618,97.94080022994541
120.4369918699187,97.95199733232621
120.38719512195122,97.95963172031313
120.33739837398375,97.95963172031313
120.28760162601625,97.95963172031313
120.23780487804878,97.97337361868956
120.1880081300813,97.98813343546425
120.13821138211382,98.01459931381886
120.08841463414635,98.04920853935951
120.03861788617886,98.07109378492198
119.98882113821138,98.07109378492198
119.9390243902439,98.07109378492198
119.88922764227642,98.10875676565739
119.83943089430895,98.12046282723732
119.78963414634147,98.12351658243207
119.73983739837398,98.14285703199891
119.6900406504065,98.18306480872995
119.64024390243902,98.18357376792909
119.59044715447155,98.20495005429242
119.54065040650407,98.22632634065577
119.49085365853658,98.24057719823134
119.4410569105691,98.24821158621825
119.39126016260163,98.25024742301474
119.34146341463415,98.25533701500602
119.29166666666667,98.25533701500602
119.24186991869918,98.2868924853519
119.1920731707317,98.29299999574144
119.14227642276423,98.29503583253793
119.09247967479675,98.29503583253793
119.04268292682927,98.29198207734318
118.9928861788618,98.28943728134755
118.9430894308943,98.28740144455104
118.89329268292683,98.29198207734318
118.84349593495935,98.29198207734318
118.79369918699187,98.27315058697548
118.7439024390244,98.2456667902226
118.6941056910569,98.2456667902226
118.64430894308943,98.25482805580688
118.59451219512195,98.25533701500602
118.54471544715447,98.25482805580688
118.494918699187,98.24719366781999
118.4451219512195,98.24617574942172
118.39532520325203,98.24668470862086
118.34552845528455,98.24617574942172
118.29573170731707,98.24108615743046
118.2459349593496,98.21309340147846
118.19613821138212,98.19833358470378
118.14634146341463,98.19833358470378
118.09654471544715,98.19833358470378
118.04674796747967,98.20189629909767
117.9969512195122,98.2044410950933
117.94715447154472,98.20902172788544
117.89735772357723,98.22530842225751
117.84756097560975,98.22530842225751
117.79776422764228,98.22479946305839
117.7479674796748,98.22479946305839
117.69817073170732,98.22785321825314
117.64837398373983,98.23039801424878
117.59857723577235,98.23294281024442
117.54878048780488,98.28383873015714
117.4989837398374,98.29758062853358
117.44918699186992,98.29758062853358
117.39939024390245,98.28892832214842
117.34959349593495,98.28892832214842
117.29979674796748,98.28892832214842
117.25,98.29096415894492
117.20020325203252,98.29503583253793
117.15040650406505,98.29096415894492
117.10060975609755,98.26653411738681
117.05081300813008,98.24261303502784
117.0010162601626,98.25584597420514
116.95121951219512,98.25584597420514
116.90142276422765,98.25737285180253
116.85162601626017,98.26398932139118
116.80182926829268,98.27773121976762
116.7520325203252,98.27773121976762
116.70223577235772,98.26704307658595
116.65243902439025,98.26704307658595
116.60264227642277,98.26704307658595
116.55284552845528,98.28282081175888
116.5030487804878,98.28282081175888
116.45325203252033,98.31030460851176
116.40345528455285,98.31641211890128
116.35365853658537,98.31284940450739
116.30386178861788,98.31284940450739
116.2540650406504,98.31844795569779
116.20426829268293,98.32710026208295
116.15447154471545,98.34186007885764
116.10467479674797,98.34796758924716
116.0548780487805,98.34796758924716
116.005081300813,98.33269881327335
115.95528455284553,98.33269881327335
115.90548780487805,98.33168089487509
115.85569105691057,98.34389591565414
115.8058943089431,98.35000342604367
115.7560975609756,98.35967365082709
115.70630081300813,98.32201067009169
115.65650406504065,98.32201067009169
115.60670731707317,98.34389591565414
115.5569105691057,98.34389591565414
115.5071138211382,98.34389591565414
115.45731707317073,98.36476324281836
115.40752032520325,98.36476324281836
115.35772357723577,98.36934387561051
115.3079268292683,98.36934387561051
115.25813008130082,98.38919328437646
115.20833333333333,98.39224703957123
115.15853658536585,98.39224703957123
115.10873983739837,98.39224703957123
115.0589430894309,98.39122912117298
115.00914634146342,98.3897022435756
114.95934959349593,98.36883491641137
114.90955284552845,98.36883491641137
114.85975609756098,98.37494242680091
114.8099593495935,98.39580975396512
114.76016260162602,98.39580975396512
114.71036585365853,98.38563056998258
114.66056910569105,98.38206785558869
114.61077235772358,98.38206785558869
114.5609756097561,98.3841036923852
114.51117886178862,98.3861395291817
114.46138211382114,98.39988142755814
114.41158536585365,98.43601753069618
114.36178861788618,98.46350132744904
114.3119918699187,98.47266259303332
114.26219512195122,98.47266259303332
114.21239837398375,98.47622530742721
114.16260162601625,98.47927906262197
114.11280487804878,98.49760159379056
114.0630081300813,98.51032557376874
114.01321138211382,98.51287036976437
113.96341463414635,98.51287036976437
