----isotherm parameters----
start time: ,2022-11-30 16:48:49.789637+00:00
end time: ,2022-11-30 16:49:08.948579+00:00
number of smooting values: ,1
total sample steps: ,200
stepper delay: ,0.001
area_change_expected: ,1.4e+17
molecules deposited: ,7013384244000000.0
plate perimeter: ,25.08036
plate width: ,12.54
isotherm type: ,Compression
----isotherm data----
area_per_molecule (Ang^2/molecule),surface pressure (mN/m)
224.96984980536595,27.469500055317287
224.8700406439616,27.469500055317287
224.77023148255728,27.466078668409093
224.67042232115296,27.466078668409093
224.5706131597486,27.466078668409093
224.47080399834428,27.470640517620016
224.37099483693996,27.492309301371893
224.2711856755356,27.492309301371893
224.17137651413128,27.486036758706877
224.07156735272696,27.486036758706877
223.9717581913226,27.492879532523258
223.87194902991828,27.500292537491003
223.77213986851396,27.504854386701926
223.6723307071096,27.504854386701926
223.57252154570529,27.500292537491003
223.47271238430096,27.500292537491003
223.3729032228966,27.500292537491003
223.2730940614923,27.49972230633964
223.17328490008796,27.49972230633964
223.0734757386836,27.49858184403691
222.9736665772793,27.490598607917793
222.87385741587497,27.48489629640415
222.7740482544706,27.483185602950048
222.6742390930663,27.483185602950048
222.57442993166197,27.483185602950048
222.47462077025762,27.458665663441348
222.3748116088533,27.458665663441348
222.27500244744897,27.482615371798683
222.17519328604462,27.43186479932719
222.0753841246403,27.425022025510806
221.97557496323597,27.425022025510806
221.87576580183162,27.450112196170874
221.7759566404273,27.458665663441348
221.67614747902297,27.46094658804681
221.57633831761862,27.47520236683094
221.4765291562143,27.487177221009606
221.37671999480997,27.487177221009606
221.27691083340562,27.428443412418996
221.1771016720013,27.423881563208077
221.07729251059698,27.423881563208077
220.97748334919262,27.441558728900397
220.8776741877883,27.450112196170874
220.77786502638398,27.450112196170874
220.67805586497963,27.43528618623538
220.5782467035753,27.43528618623538
220.47843754217098,27.43528618623538
220.37862838076663,27.431294568175822
220.2788192193623,27.431294568175822
220.17901005795798,27.446120578111316
220.07920089655363,27.446120578111316
219.9793917351493,27.423881563208077
219.87958257374498,27.423881563208077
219.77977341234066,27.420460176299887
219.6799642509363,27.42616248781354
219.58015508953198,27.412476940180774
219.48034592812766,27.4039234729103
219.3805367667233,27.4039234729103
219.280727605319,27.42616248781354
219.18091844391466,27.434145723932648
219.0811092825103,27.434145723932648
218.981300121106,27.43300526162992
218.88149095970167,27.426732718964903
218.7816817982973,27.425022025510806
218.681872636893,27.425022025510806
218.58206347548867,27.418179251694426
218.48225431408432,27.425022025510806
218.38244515268,27.43300526162992
218.28263599127567,27.43300526162992
218.18282682987132,27.43300526162992
218.083017668467,27.43300526162992
217.98320850706267,27.43300526162992
217.88339934565832,27.435856417386745
217.783590184254,27.45353358307906
217.68378102284967,27.45353358307906
217.58397186144532,27.441558728900397
217.484162700041,27.389097462974803
217.38435353863667,27.389097462974803
217.28454437723232,27.413617402483503
217.184735215828,27.413617402483503
217.08492605442368,27.413617402483503
216.98511689301932,27.425022025510806
216.885307731615,27.41190670902941
216.78549857021068,27.41190670902941
216.68568940880633,27.414757864786235
216.585880247402,27.414757864786235
216.48607108599768,27.397080699093916
216.38626192459333,27.397080699093916
216.286452763189,27.405634166364393
216.18664360178468,27.405634166364393
216.08683444038033,27.39765093024528
215.987025278976,27.39308908103436
215.88721611757168,27.39308908103436
215.78740695616733,27.392518849882997
215.687597794763,27.392518849882997
215.58778863335868,27.40791509096985
215.48797947195433,27.41190670902941
215.38817031055,27.414757864786235
215.2883611491457,27.414757864786235
215.18855198774133,27.414757864786235
215.088742826337,27.447261040414045
214.9889336649327,27.447261040414045
214.88912450352834,27.4398480354463
214.789315342124,27.4398480354463
214.6895061807197,27.4398480354463
214.58969701931534,27.425022025510806
214.48988785791101,27.39422954333709
214.3900786965067,27.403353241758932
214.29026953510234,27.404493704061665
214.19046037369802,27.40791509096985
214.0906512122937,27.426732718964903
213.99084205088934,27.426732718964903
213.89103288948502,27.43642664853811
213.7912237280807,27.43642664853811
213.69141456667634,27.434715955084013
213.59160540527202,27.434715955084013
213.4917962438677,27.464938206106364
213.39198708246334,27.464938206106364
213.29217792105902,27.38339515146115
213.1923687596547,27.38339515146115
213.09255959825035,27.404493704061665
212.99275043684602,27.42445179435944
212.8929412754417,27.42445179435944
212.79313211403735,27.406204397515758
212.69332295263303,27.406204397515758
212.5935137912287,27.41190670902941
212.49370462982435,27.413617402483503
212.39389546842003,27.428443412418996
212.2940863070157,27.444409884657222
212.19427714561135,27.444409884657222
212.09446798420703,27.39422954333709
211.9946588228027,27.39422954333709
211.89484966139835,27.399361623699377
211.79504049999403,27.399361623699377
211.6952313385897,27.37655237764477
211.59542217718536,27.41760902054306
211.49561301578103,27.41760902054306
211.3958038543767,27.40107231715347
211.29599469297236,27.40107231715347
211.19618553156803,27.411336477878045
211.0963763701637,27.415898327088964
210.99656720875936,27.415898327088964
210.89675804735504,27.415898327088964
210.7969488859507,27.416468558240332
210.69713972454636,27.43528618623538
210.59733056314204,27.43528618623538
210.4975214017377,27.427302950116268
210.39771224033336,27.436996879689474
210.29790307892904,27.436996879689474
210.19809391752472,27.436996879689474
210.09828475612036,27.452963351927696
209.99847559471604,27.452963351927696
209.89866643331172,27.409625784423948
209.79885727190737,27.409625784423948
209.69904811050304,27.410196015575316
209.59923894909872,27.433575492781284
209.49942978769437,27.433575492781284
209.39962062629004,27.409625784423948
209.29981146488572,27.409625784423948
209.20000230348137,27.40848532212122
209.10019314207705,27.416468558240332
209.00038398067272,27.44669080926268
208.90057481926837,27.44669080926268
208.80076565786405,27.43642664853811
208.70095649645972,27.431294568175822
208.60114733505537,27.421600638602616
208.50133817365105,27.421600638602616
208.40152901224673,27.44555034695995
208.30171985084237,27.44555034695995
208.20191068943805,27.402783010607568
208.10210152803373,27.402783010607568
208.00229236662938,27.402783010607568
207.90248320522505,27.402212779456203
207.80267404382073,27.399931854850742
207.70286488241638,27.398791392548013
207.60305572101205,27.398791392548013
207.50324655960773,27.40791509096985
207.40343739820338,27.40791509096985
207.30362823679906,27.406204397515758
207.20381907539473,27.406204397515758
207.10400991399038,27.406774628667122
207.00420075258606,27.406774628667122
206.90439159118174,27.406774628667122
206.80458242977738,27.42217086975398
206.70477326837306,27.42217086975398
206.60496410696874,27.417038789391697
206.50515494556439,27.417038789391697
206.40534578416006,27.413617402483503
206.30553662275574,27.413617402483503
206.2057274613514,27.42616248781354
206.10591829994706,27.42616248781354
206.00610913854274,27.42616248781354
205.9062999771384,27.434145723932648
205.80649081573407,27.434145723932648
205.70668165432974,27.407344859818487
205.6068724929254,27.407344859818487
205.50706333152107,27.421600638602616
205.40725417011674,27.421600638602616
205.3074450087124,27.390237925277532
205.20763584730807,27.406774628667122
205.10782668590375,27.41076624672668
