----isotherm parameters----
start time: ,2022-11-30 16:39:33.417991+00:00
end time: ,2022-11-30 16:41:09.219248+00:00
number of smooting values: ,1
total sample steps: ,1000
stepper delay: ,0.001
area_change_expected: ,7e+17
molecules deposited: ,7013384244000000.0
plate perimeter: ,25.08036
plate width: ,12.54
isotherm type: ,Compression
----isotherm data----
area_per_molecule (Ang^2/molecule),surface pressure (mN/m)
224.96984980536595,0.04626285331018892
224.8700406439616,0.04626285331018892
224.77023148255728,0.048543777915649435
224.67042232115296,0.048543777915649435
224.5706131597486,0.031436843374695655
224.47080399834428,0.031436843374695655
224.37099483693996,0.039420079493807415
224.2711856755356,0.039420079493807415
224.17137651413128,0.03257730567742591
224.07156735272696,0.019461989196028016
223.9717581913226,0.019461989196028016
223.87194902991828,0.03257730567742591
223.77213986851396,0.06279955669977758
223.6723307071096,0.07933626008936623
223.57252154570529,0.07933626008936623
223.47271238430096,0.03200707452606078
223.3729032228966,0.03200707452606078
223.2730940614923,0.0434116975533633
223.17328490008796,0.06451025015387296
223.0734757386836,0.07648510433254059
222.9736665772793,0.09302180772212924
222.87385741587497,0.11754174723082964
222.7740482544706,0.11754174723082964
222.6742390930663,0.07534464202981034
222.57442993166197,0.07534464202981034
222.47462077025762,0.08560880275438261
222.3748116088533,0.09302180772212924
222.27500244744897,0.09302180772212924
222.17519328604462,0.08218741584619184
222.0753841246403,0.07477441087844522
221.97557496323597,0.07420417972708009
221.87576580183162,0.06451025015387296
221.7759566404273,0.053675858277935556
221.67614747902297,0.053675858277935556
221.57633831761862,0.07363394857571497
221.4765291562143,0.07363394857571497
221.37671999480997,0.056527014034761194
221.27691083340562,0.0610888632456822
221.1771016720013,0.0610888632456822
221.07729251059698,0.06508048130523808
220.97748334919262,0.07078279281888933
220.8776741877883,0.07078279281888933
220.77786502638398,0.0610888632456822
220.67805586497963,0.0610888632456822
220.5782467035753,0.07306371742434983
220.47843754217098,0.07306371742434983
220.37862838076663,0.07078279281888933
220.2788192193623,0.07078279281888933
220.17901005795798,0.07078279281888933
220.07920089655363,0.07819579778663596
219.9793917351493,0.07819579778663596
219.87958257374498,0.08446834045165236
219.77977341234066,0.08446834045165236
219.6799642509363,0.08446834045165236
219.58015508953198,0.08218741584619184
219.48034592812766,0.07648510433254059
219.3805367667233,0.07420417972708009
219.280727605319,0.06964233051615908
219.18091844391466,0.06051863209431707
219.0811092825103,0.04455215985609355
218.981300121106,0.04455215985609355
218.88149095970167,0.04398192870472842
218.7816817982973,0.06736140591069859
218.681872636893,0.06736140591069859
218.58206347548867,0.07192325512161958
218.48225431408432,0.07192325512161958
218.38244515268,0.10328596844670151
218.28263599127567,0.10328596844670151
218.18282682987132,0.06907209936479396
218.083017668467,0.053675858277935556
217.98320850706267,0.053675858277935556
217.88339934565832,0.053675858277935556
217.783590184254,0.059948400942951945
217.68378102284967,0.059948400942951945
217.58397186144532,0.06736140591069859
217.484162700041,0.09188134541939898
217.38435353863667,0.09188134541939898
217.28454437723232,0.08960042081393849
217.184735215828,0.08960042081393849
217.08492605442368,0.07705533548390572
216.98511689301932,0.07705533548390572
216.885307731615,0.07705533548390572
216.78549857021068,0.0901706519653036
216.68568940880633,0.0901706519653036
216.585880247402,0.07135302397025446
216.48607108599768,0.07135302397025446
216.38626192459333,0.09131111426803387
216.286452763189,0.0987241192357805
216.18664360178468,0.08047672239209647
216.08683444038033,0.07363394857571497
215.987025278976,0.0656507124566032
215.88721611757168,0.05766747633749144
215.78740695616733,0.05766747633749144
215.687597794763,0.06622094360796833
215.58778863335868,0.08389810930028722
215.48797947195433,0.08389810930028722
215.38817031055,0.08960042081393849
215.2883611491457,0.08960042081393849
215.18855198774133,0.08960042081393849
215.088742826337,0.07135302397025446
214.9889336649327,0.07135302397025446
214.88912450352834,0.08047672239209647
214.789315342124,0.08047672239209647
214.6895061807197,0.10499666190079689
214.58969701931534,0.12495475219857628
214.48988785791101,0.12495475219857628
214.3900786965067,0.10271573729533638
214.29026953510234,0.09416227002485948
214.19046037369802,0.09188134541939898
214.0906512122937,0.08960042081393849
213.99084205088934,0.09131111426803387
213.89103288948502,0.09131111426803387
213.7912237280807,0.09473250117622461
213.69141456667634,0.09758365693305024
213.59160540527202,0.09644319463031999
213.4917962438677,0.09245157657076411
213.39198708246334,0.09245157657076411
213.29217792105902,0.09416227002485948
213.1923687596547,0.10955851111171788
213.09255959825035,0.13008683256086243
212.99275043684602,0.13008683256086243
212.8929412754417,0.12894637025813216
212.79313211403735,0.12210359644175066
212.69332295263303,0.12837613910676704
212.5935137912287,0.12837613910676704
212.49370462982435,0.14833422940454644
212.39389546842003,0.173424400064612
212.2940863070157,0.16829231970232583
212.19427714561135,0.16829231970232583
212.09446798420703,0.16829231970232583
211.9946588228027,0.1631602393400397
211.89484966139835,0.1631602393400397
211.79504049999403,0.16430070164276997
211.6952313385897,0.16430070164276997
211.59542217718536,0.16430070164276997
211.49561301578103,0.15004492285864182
211.3958038543767,0.1454830736477208
211.29599469297236,0.12381428989584603
211.19618553156803,0.12381428989584603
211.0963763701637,0.12438452104721116
210.99656720875936,0.14662353595045108
210.89675804735504,0.15004492285864182
210.7969488859507,0.15004492285864182
210.69713972454636,0.15346630976683256
210.59733056314204,0.15004492285864182
210.4975214017377,0.14491284249635566
210.39771224033336,0.14491284249635566
210.29790307892904,0.14833422940454644
210.19809391752472,0.15118538516137206
210.09828475612036,0.15118538516137206
209.99847559471604,0.15118538516137206
209.89866643331172,0.1432021490422603
209.79885727190737,0.1432021490422603
209.69904811050304,0.18254809848645398
209.59923894909872,0.18254809848645398
209.49942978769437,0.1802671738809935
209.39962062629004,0.14662353595045108
209.29981146488572,0.14206168673953007
209.20000230348137,0.14206168673953007
209.10019314207705,0.13749983752860906
209.00038398067272,0.12666544565267165
208.90057481926837,0.12666544565267165
208.80076565786405,0.12666544565267165
208.70095649645972,0.11526082262536916
208.60114733505537,0.10157527499260612
208.50133817365105,0.08674926505711286
208.40152901224673,0.08674926505711286
208.30171985084237,0.10100504384124101
208.20191068943805,0.10613712420352713
208.10210152803373,0.11469059147400402
208.00229236662938,0.11754174723082964
207.90248320522505,0.11811197838219477
207.80267404382073,0.13692960637724394
207.70286488241638,0.14149145558816492
207.60305572101205,0.14149145558816492
207.50324655960773,0.15232584746410233
207.40343739820338,0.1631602393400397
207.30362823679906,0.20478711338969388
207.20381907539473,0.2293070528983943
207.10400991399038,0.23158797750385482
207.00420075258606,0.21733219871972667
206.90439159118174,0.21733219871972667
206.80458242977738,0.22987728404975943
206.70477326837306,0.23272843980658503
206.60496410696874,0.24527352513661782
206.50515494556439,0.24527352513661782
206.40534578416006,0.2384307513202363
206.30553662275574,0.23443913326068044
206.2057274613514,0.2224642790820128
206.10591829994706,0.21676196756836155
206.00610913854274,0.19452295266512165
205.9062999771384,0.19452295266512165
205.80649081573407,0.25040560549890395
205.70668165432974,0.25040560549890395
205.6068724929254,0.24356283168252243
205.50706333152107,0.22531543483883842
205.40725417011674,0.2247452036874733
205.3074450087124,0.22417497253610816
205.20763584730807,0.2247452036874733
205.10782668590375,0.2201833544765523
205.0080175244994,0.2201833544765523
204.90820836309507,0.2201833544765523
204.80839920169075,0.2201833544765523
204.7085900402864,0.22075358562791741
204.60878087888207,0.22075358562791741
204.50897171747775,0.19737410842194725
204.4091625560734,0.18368856078918425
204.30935339466907,0.18368856078918425
204.20954423326475,0.18368856078918425
204.1097350718604,0.14662353595045108
204.00992591045608,0.1186822095335599
203.91011674905175,0.06850186821342882
203.8103075876474,0.06451025015387296
203.71049842624308,0.058237707488856566
203.61068926483875,0.05880793864022169
203.5108801034344,0.050824702521109925
203.41107094203008,0.04512239100745867
203.31126178062576,0.042841466401998166
203.2114526192214,0.04398192870472842
203.11164345781708,0.04398192870472842
203.01183429641276,0.03713915488834692
202.9120251350084,0.03371776798015615
202.81221597360408,0.031436843374695655
202.71240681219976,0.019461989196028016
202.6125976507954,0.014900139985107008
202.51278848939108,0.019461989196028016
202.41297932798676,0.04455215985609355
202.3131701665824,0.04455215985609355
202.2133610051781,0.042841466401998166
202.11355184377376,0.042841466401998166
202.0137426823694,0.058237707488856566
201.9139335209651,0.05880793864022169
201.81412435956076,0.05253539597520531
201.7143151981564,0.05538655173203094
201.6145060367521,0.05538655173203094
201.51469687534777,0.09473250117622461
201.41488771394341,0.09473250117622461
201.3150785525391,0.09701342578168512
201.21526939113477,0.0987241192357805
201.11546022973042,0.11069897341444813
201.0156510683261,0.11069897341444813
200.91584190692177,0.11069897341444813
200.81603274551742,0.12666544565267165
200.7162235841131,0.13122729486359266
200.61641442270877,0.16829231970232583
200.51660526130442,0.16829231970232583
200.4167960999001,0.15973885243184896
200.31698693849577,0.15973885243184896
200.21717777709142,0.17570532467007247
200.1173686156871,0.17570532467007247
200.01755945428278,0.16430070164276997
199.91775029287842,0.16430070164276997
199.8179411314741,0.16430070164276997
199.71813197006978,0.19680387727058213
199.61832280866543,0.2224642790820128
199.5185136472611,0.28176831882398584
199.41870448585678,0.28176831882398584
199.31889532445243,0.291462248397193
199.2190861630481,0.3313784289927518
199.11927700164378,0.37243507189104086
199.01946784023943,0.3764266899505968
198.9196586788351,0.4015168606106623
198.81984951743078,0.4351604985412047
198.72004035602643,0.463672056109461
198.6202311946221,0.4716552922285727
198.52042203321778,0.48705153331543116
198.42061287181343,0.5412234926951182
198.3208037104091,0.5788587486852165
198.22099454900479,0.6073703062534728
198.12118538760043,0.6370223261244592
198.0213762261961,0.7191356119210374
197.9215670647918,0.759051792516596
197.82175790338744,0.7966870485066944
197.7219487419831,0.8405948471618091
197.6221395805788,0.8639743243677793
197.52233041917444,0.917005821444736
197.42252125777011,0.9415257609534364
197.3227120963658,0.9700373185216926
197.22290293496144,0.9877144842140115
197.12309377355712,1.0156558106309026
197.0232846121528,1.0595636092860174
196.92347545074844,1.102901176789767
196.82366628934412,1.116016493271165
196.7238571279398,1.1627754476831051
196.62404796653544,1.1821633068295194
196.52423880513112,1.2374757285119367
196.4244296437268,1.2654170549288277
196.32462048232244,1.2865156075293374
196.22481132091812,1.303052310918926
196.1250021595138,1.3138867027948633
196.02519299810945,1.3167378585516891
195.92538383670512,1.344108953817215
195.8255746753008,1.3589349637527084
195.72576551389645,1.3600754260554389
195.62595635249212,1.36577773756909
195.5261471910878,1.371480049082741
195.42633802968345,1.4125366919810305
195.32652886827913,1.4125366919810305
195.2267197068748,1.4142473854351256
195.12691054547045,1.4193794657974117
195.02710138406613,1.4684193448148126
194.9272922226618,1.4684193448148126
194.82748306125745,1.4684193448148126
194.72767389985313,1.4769728120852894
194.6278647384488,1.4997820581398946
194.52805557704446,1.5077652942590065
194.42824641564013,1.510616450015832
194.3284372542358,1.5203103795890391
194.22862809283146,1.5300043091622462
194.12881893142713,1.5773334947255517
194.0290097700228,1.5824655750878378
193.92920060861846,1.5927297358124102
193.82939144721414,1.6166794441697454
193.7295822858098,1.6172496753211105
193.62977312440546,1.6360673033161597
193.52996396300114,1.6816857954253697
193.4301548015968,1.7295852121400401
193.33034564019246,1.7404196040159776
193.23053647878814,1.7404196040159776
193.13072731738382,1.7404196040159776
193.03091815597946,1.7586670008596617
192.93110899457514,1.7957320256983946
192.83129983317082,1.8481932916239865
192.73149067176647,1.860168145802654
192.63168151036214,1.8949522460359267
192.53187234895782,1.9046461756091337
192.43206318755347,1.9131996428796108
192.33225402614914,1.9451325873560577
192.23244486474482,1.9719334514702187
192.13263570334047,1.9941724663734586
192.03282654193615,2.0255351796985406
191.93301738053182,2.0261054108499055
191.83320821912747,2.0357993404231127
191.73339905772315,2.0580383553263526
191.63358989631882,2.095673611316451
191.53378073491447,2.132168405003819
191.43397157351015,2.163531118328901
191.33416241210583,2.194893831653983
191.23435325070147,2.208579379286746
191.13454408929715,2.2114305350435712
191.03473492789283,2.270164343634179
190.93492576648848,2.273015499391005
190.83511660508415,2.280998735510117
190.73530744367983,2.317493529197485
190.6354982822755,2.3471455490684714
190.53568912087115,2.371095257425807
190.43587995946683,2.3882021919667604
190.3360707980625,2.399606814994063
190.23626163665816,2.4469360005573684
190.13645247525383,2.448646694011464
190.0366433138495,2.458910854736036
189.93683415244516,2.470315477763339
189.83702499104083,2.491414030363848
189.7372158296365,2.494835417272039
189.63740666823216,2.498827035331595
189.53759750682784,2.5393134470785186
189.4377883454235,2.5427348339867097
189.33797918401916,2.5427348339867097
189.23817002261484,2.556420381619472
189.13836086121051,2.5615524619817585
189.03855169980616,2.586642632641824
188.93874253840184,2.6881437775848167
188.83893337699752,2.6881437775848167
188.73912421559316,2.6830116972225304
188.63931505418884,2.6830116972225304
188.53950589278452,2.6989781694607538
188.43969673138017,2.762273827262283
188.33988756997584,2.762273827262283
188.24007840857152,2.762273827262283
188.14026924716717,2.757711978051362
188.04046008576285,2.757711978051362
187.94065092435852,2.757711978051362
187.84084176295417,2.8056113947660326
187.74103260154985,2.8056113947660326
187.64122344014552,2.8518001180266075
187.54141427874117,2.870617746021657
187.44160511733685,2.903120921649469
187.34179595593253,2.9054018462549296
187.24198679452817,2.9424668710936626
187.14217763312385,2.9875151320515076
187.04236847171953,2.9875151320515076
186.94255931031518,2.9840937451433174
186.84275014891085,2.9840937451433174
186.74294098750653,3.0257206191929713
186.64313182610218,3.0679177243939906
186.54332266469785,3.078752116269928
186.44351350329353,3.0907269704485953
186.34370434188918,3.148320316736473
186.24389518048486,3.161435633217871
186.14408601908053,3.1665677135801573
186.04427685767618,3.1996411203593342
185.94446769627186,3.2446893813171793
185.84465853486753,3.250961923982196
185.74484937346318,3.2817544061559127
185.64504021205886,3.2823246373072776
185.54523105065454,3.29258879803185
185.44542188925018,3.2954399537886756
185.34561272784586,3.297720878394136
185.24580356644154,3.3558844558333787
185.1459944050372,3.373561621525698
185.04618524363286,3.4066350283048754
184.94637608222854,3.4066350283048754
184.8465669208242,3.4066350283048754
184.74675775941986,3.4288740432081153
184.64694859801554,3.4568153696250064
184.5471394366112,3.4602367565331966
184.44733027520687,3.4602367565331966
184.34752111380254,3.4944506256151047
184.2477119523982,3.5223919520319957
184.14790279099387,3.5223919520319957
184.04809362958954,3.526383570091552
183.9482844681852,3.526383570091552
183.84847530678087,3.5725722933521267
183.74866614537655,3.5839769163794295
183.6488569839722,3.5839769163794295
183.54904782256787,3.6227526346722576
183.44923866116355,3.648413036483688
183.3494294997592,3.6632390464191817
183.24962033835487,3.6849078301710567
183.14981117695055,3.701444533560645
183.0500020155462,3.7151300811934083
182.95019285414187,3.7265347042207106
182.85038369273755,3.7533355683348715
182.7505745313332,3.7681615782703646
182.65076536992888,3.79097082432497
182.55095620852455,3.8149205326823052
182.4511470471202,3.817771688439131
182.35133788571588,3.8514153263696733
182.25152872431156,3.9147109841712022
182.1517195629072,3.9147109841712022
182.05191040150288,3.927256069501235
181.95210124009856,3.9426523105880937
181.8522920786942,3.9745852550645404
181.75248291728988,3.981998260032287
181.65267375588556,3.981998260032287
181.5528645944812,4.018493053719655
181.45305543307688,4.018493053719655
181.35324627167256,4.027616752141498
181.2534371102682,4.060690158920674
181.15362794886389,4.133109515144046
181.05381878745956,4.134820208598141
180.9540096260552,4.146224831625443
180.8542004646509,4.205528871367417
180.75439130324656,4.261981755352564
180.6545821418422,4.281369614498978
180.5547729804379,4.289923081769455
180.45496381903357,4.328698800062283
180.3551546576292,4.344665272300507
180.2553454962249,4.353218739570984
180.15553633482057,4.364053131446921
180.05572717341622,4.381160065987875
179.9559180120119,4.413093010464323
179.85610885060757,4.476958899417216
179.75629968920322,4.511172768499124
179.6564905277989,4.542535481824205
179.55668136639457,4.5676256524842715
179.45687220499022,4.595566978901163
179.3570630435859,4.649168707129484
179.25725388218157,4.649168707129484
179.15744472077722,4.6617137924595164
179.0576355593729,4.670267259729994
178.95782639796857,4.703910897660537
178.85801723656422,4.725579681412411
178.7582080751599,4.74097592249927
178.65839891375558,4.760363781645684
178.55858975235122,4.804841811452164
178.4587805909469,4.852741228166834
178.35897142954258,4.914326192514268
178.25916226813823,4.9280117401470305
178.1593531067339,4.930292664752491
178.05954394532958,4.9405568254770635
177.95973478392523,4.959374453472113
177.8599256225209,5.001571558673132
177.76011646111658,5.026661729333197
177.66030729971223,5.04376866387415
177.5604981383079,5.096229929799743
177.46068897690358,5.111626170886601
177.36087981549923,5.123601025065268
177.2610706540949,5.165227899114924
177.16126149269058,5.20172269280229
177.06145233128623,5.204003617407752
176.9616431698819,5.229093788067817
176.8618340084776,5.291819214717981
176.76202484707323,5.306645224653474
176.6622156856689,5.320901003437602
176.5624065242646,5.344850711794938
176.46259736286024,5.380205043179576
176.3627882014559,5.380205043179576
176.2629790400516,5.382485967785036
176.16316987864724,5.414418912261483
176.06336071724292,5.417270068018309
175.9635515558386,5.457756479765233
175.86374239443424,5.507936821085364
175.76393323302992,5.519341444112666
175.6641240716256,5.527324680231778
175.56431491022124,5.538729303259081
175.46450574881692,5.545001845924097
175.3646965874126,5.551844619740478
175.26488742600824,5.58434779536829
175.16507826460392,5.641941141656168
175.0652691031996,5.641941141656168
174.96545994179525,5.628825825174771
174.86565078039092,5.628825825174771
174.7658416189866,5.6601885384998525
174.66603245758225,5.692121482976299
174.56622329617792,5.702955874852237
174.4664141347736,5.721773502847285
174.36660497336925,5.760549221140114
174.26679581196493,5.760549221140114
174.1669866505606,5.763970608048305
174.06717748915625,5.7810775425892595
173.96736832775193,5.808448637854784
173.8675591663476,5.83467927081758
173.76775000494325,5.869463371050853
173.66794084353893,5.881438225229521
173.5681316821346,5.89797492861911
173.46832252073025,5.918503250068254
173.36851335932593,5.9464445764851455
173.2687041979216,5.9464445764851455
173.16889503651726,5.949865963393336
173.06908587511293,5.965262204480194
172.9692767137086,6.000046304713467
172.86946755230426,6.023425781919437
172.76965839089993,6.055358726395884
172.6698492294956,6.106679530018746
172.57004006809126,6.108390223472841
172.47023090668694,6.116373459591953
172.3704217452826,6.1243566957110644
172.27061258387826,6.129488776073352
172.17080342247394,6.1483064040684
172.07099426106961,6.187652353512593
171.97118509966526,6.229849458713613
171.87137593826094,6.253228935919583
171.77156677685662,6.284591649244665
171.67175761545226,6.295426041120602
171.57194845404794,6.302839046088349
171.47213929264362,6.343325457835273
171.37233013123927,6.362143085830322
171.27252096983494,6.381530944976736
171.17271180843062,6.415744814058644
171.07290264702627,6.415744814058644
170.97309348562194,6.415744814058644
170.87328432421762,6.450528914291916
170.77347516281327,6.493866481795666
170.67366600140895,6.5315017377857645
170.57385684000462,6.556591908445831
170.47404767860027,6.577120229894975
170.37423851719595,6.592516470981833
170.27442935579163,6.605061556311866
170.17462019438727,6.6352838073342175
170.07481103298295,6.638134963091043
169.97500187157863,6.638705194242408
169.87519271017428,6.6894557667139045
169.77538354876995,6.749900268758608
169.67557438736563,6.768717896753656
169.57576522596128,6.786965293597341
169.47595606455695,6.8456991021879485
169.37614690315263,6.8456991021879485
169.27633774174828,6.8456991021879485
169.17652858034396,6.905573373081287
169.07671941893963,6.947200247130941
168.97691025753528,6.968869030882816
168.87710109613096,6.984835503121039
168.77729193472663,7.016198216446122
168.67748277332228,7.076072487339459
168.57767361191796,7.07835341194492
168.47786445051364,7.084625954609936
168.37805528910928,7.107435200664542
168.27824612770496,7.138797913989623
168.17843696630064,7.182705712644738
168.07862780489629,7.217489812878011
167.97881864349196,7.2682403853495074
167.87900948208764,7.273372465711793
167.7792003206833,7.312148184004621
167.67939115927896,7.312148184004621
167.57958199787464,7.330395580848306
167.4797728364703,7.335527661210592
167.37996367506597,7.356626213811101
167.28015451366164,7.427905107731743
167.1803453522573,7.467251057175935
167.08053619085297,7.473523599840952
166.98072702944864,7.514580242739241
166.8809178680443,7.541951338004767
166.78110870663997,7.565901046362102
166.68129954523565,7.625775317255441
166.5814903838313,7.638320402585474
166.48168122242697,7.69135189966243
166.38187206102265,7.729557386803894
166.2820628996183,7.7557880197666895
166.18225373821397,7.766622411642627
166.08244457680965,7.784299577334946
165.9826354154053,7.84702500398511
165.88282625400097,7.873825868099271
165.78301709259665,7.889792340337493
165.6832079311923,7.921155053662576
165.58339876978798,7.982740018010009
165.48358960838365,8.017524118243282
165.3837804469793,8.05173798732519
165.28397128557498,8.091083936769383
165.18416212417065,8.091083936769383
165.0843529627663,8.104199253250782
164.98454380136198,8.131570348516307
164.88473463995766,8.164643755295485
164.7849254785533,8.18745300135009
164.68511631714898,8.237063111518856
164.58530715574466,8.267285362541207
164.4854979943403,8.29636715126083
164.38568883293598,8.354530728700071
164.28587967153166,8.368216276332834
164.1860705101273,8.39444690929563
164.08626134872299,8.445767712918492
163.98645218731866,8.479411350849034
163.8866430259143,8.521038224898689
163.78683386451,8.554111631677864
163.68702470310566,8.564375792402437
163.5872155417013,8.581482726943392
163.487406380297,8.611704977965744
163.38759721889267,8.62025844523622
163.2877880574883,8.674430404615908
163.187978896084,8.724610745936038
163.08816973467967,8.757113921563851
162.98836057327532,8.839227207360429
162.888551411871,8.842078363117254
162.78874225046667,8.866598302625954
162.68893308906232,8.913357257037894
162.589123927658,8.97722314599079
162.48931476625367,8.984636150958536
162.38950560484932,9.0228416381
162.289696443445,9.052493657970986
162.18988728204067,9.067889899057844
162.09007812063632,9.121491627286165
161.990268959232,9.131185556859373
161.89045979782767,9.159126883276263
161.79065063642332,9.191630058904076
161.690841475019,9.284007505425226
161.59103231361468,9.313089294144847
161.49122315221032,9.347873394378121
161.391413990806,9.38550865036822
161.29160482940168,9.41002858987692
161.19179566799735,9.45906846889432
161.091986506593,9.491571644522132
160.99217734518868,9.514380890576737
160.89236818378436,9.579387241832361
160.79255902238,9.616452266671095
160.69274986097568,9.643253130785256
160.59294069957136,9.677466999867164
160.493131538167,9.729928265792754
160.39332237676268,9.80177739086476
160.29351321535836,9.802917853167491
160.193704053954,9.835991259946669
160.09389489254968,9.881039520904514
159.99408573114536,9.91525338998642
159.894276569741,9.920955701500072
159.7944674083367,9.963723037852457
159.69465824693236,9.999077369237094
159.594849085528,10.007060605356205
159.4950399241237,10.064083720492718
159.39523076271936,10.13764353901882
159.295421601315,10.18782388033895
159.1956124399107,10.214054513301747
159.09580327850637,10.318406814001564
158.99599411710201,10.372578773381251
158.8961849556977,10.415346109733635
158.79637579429337,10.464956219902401
158.69656663288902,10.519128179282088
158.5967574714847,10.553342048363996
158.49694831008037,10.597820078170477
158.39713914867602,10.661115735972004
158.2973299872717,10.676511977058864
158.19752082586737,10.738096941406297
158.09771166446302,10.81279722223513
157.9979025030587,10.881224960398944
157.89809334165437,10.937107613232726
157.79828418025002,11.03632783357026
157.6984750188457,11.101904415977248
157.59866585744138,11.195992555952493
157.49885669603702,11.276395148294977
157.3990475346327,11.336269419188314
157.29923837322838,11.393292534324827
157.19942921182403,11.467992815153659
157.0996200504197,11.52501593029017
156.99981088901538,11.58717112578897
156.90000172761103,11.65959048201234
156.8001925662067,11.724026602116599
156.70038340480238,11.801578038702258
156.60057424339803,11.867724852260611
156.5007650819937,11.966374841446777
156.40095592058938,12.025108650037385
156.30114675918503,12.109502860439425
156.2013375977807,12.164815282121843
156.10152843637638,12.233813251437022
156.00171927497203,12.298819602692646
155.9019101135677,12.40146120993837
155.80210095216339,12.490987500702694
155.70229179075903,12.562266394623334
155.6024826293547,12.600471881764799
155.5026734679504,12.673461469139534
155.40286430654604,12.782945850201639
155.3030551451417,12.866769829452311
155.2032459837374,13.001914612325846
155.10343682233304,13.050384260191882
155.00362766092871,13.108547837631125
154.9038184995244,13.21803221869323
154.80400933812004,13.31040966521438
154.70420017671572,13.373135091864544
154.6043910153114,13.42160473973058
154.50458185390704,13.516833342008555
154.40477269250272,13.613772637740626
154.3049635310984,13.684481300509901
154.20515436969404,13.722686787651366
154.10534520828972,13.807080998053404
154.0055360468854,13.919416534872335
153.90572688548104,14.075659870346378
153.80591772407672,14.140095990450638
153.7061085626724,14.166326623413433
153.60629940126805,14.254712451875028
153.50649023986372,14.398980933170405
153.4066810784594,14.49420953544838
153.30687191705505,14.560356349006737
153.20706275565072,14.607685534570042
153.1072535942464,14.780465573433673
153.00744443284205,14.910478275944921
152.90763527143773,14.967501391081434
152.8078261100334,15.070713229478523
152.70801694862905,15.18932130896247
152.60820778722473,15.323895860684638
152.5083986258204,15.400306834967566
152.40858946441605,15.504659135667383
152.30878030301173,15.592474732977612
152.2089711416074,15.664894089200985
152.10916198020306,15.819426731220933
152.00935281879873,15.957992901002658
151.9095436573944,16.05778335249156
151.80973449599006,16.176961663126868
151.70992533458573,16.288726968794432
151.6101161731814,16.389087651434693
151.51030701177706,16.46435816341489
151.41049785037274,16.597222021682963
151.3106886889684,16.813339628050347
151.21087952756406,16.961599727405282
151.11107036615974,17.109859826760214
151.0112612047554,17.242723685028288
150.91145204335106,17.36646384487452
150.81164288194674,17.45427944218475
150.71183372054242,17.592845611966474
150.61202455913806,17.749659178591884
150.51221539773374,17.85287101698897
150.41240623632942,17.99086695561933
150.31259707492507,18.12202012043331
150.21278791352074,18.265148139425957
150.11297875211642,18.453894650527815
150.01316959071207,18.712209362096214
149.91336042930774,18.827396054671972
149.81355126790342,19.01386164116837
149.71374210649907,19.176947750458794
149.61393294509475,19.28871305612636
149.51412378369042,19.424998301302626
149.41431462228607,19.581811867928035
149.31450546088175,19.70840318353109
149.21469629947742,19.830432649923228
149.11488713807307,19.959304890131744
149.01507797666875,20.057954879317915
148.91526881526443,20.181124808012783
148.81545965386007,20.361888082995524
148.71565049245575,20.6549868947972
148.61584133105143,20.796974451487117
148.51603216964708,20.95207732465843
148.41622300824275,21.133981061943906
148.31641384683843,21.296496940082967
148.21660468543408,21.501209923423044
148.11679552402975,21.723029841304083
148.01698636262543,21.888396875199966
147.91717720122108,22.043499748371282
147.81736803981676,22.19004915427212
147.71755887841243,22.365680348892578
147.61774971700808,22.533898538545287
147.51794055560376,22.71295112007394
147.41813139419943,23.03855310750342
147.31832223279508,23.19479644297747
147.21851307139076,23.336783999667386
147.11870390998644,23.50443195816873
147.01889474858208,23.62532096225814
146.91908558717776,23.816348397965456
146.81927642577344,24.029614848576013
146.7194672643691,24.204675812045107
146.61965810296476,24.387720011633313
146.51984894156044,24.564491668556503
146.4200397801561,24.761791646928835
146.32023061875176,24.940844228457483
146.22042145734744,25.12274796574296
146.1206122959431,25.488266133768004
146.02080313453877,25.67416148911304
145.92099397313444,25.94958313522239
145.8211848117301,26.232417786299493
145.72137565032577,26.463931633753734
145.62156648892145,26.685181320483405
145.5217573275171,26.912133318726724
145.42194816611277,27.124259307034553
145.32213900470845,27.305592813168662
145.2223298433041,27.46126591749134
145.12252068189977,27.6368971121118
145.02271152049545,27.848452869268264
144.9229023590911,28.114180585804412
144.82309319768677,28.583480823377908
144.72328403628245,28.76310363605792
144.6234748748781,28.943296679889304
144.52366571347378,29.159984517408052
144.42385655206945,29.434265701214674
144.3240473906651,29.718811045745873
144.22423822926078,29.99423269185523
144.12442906785645,30.253117634575
144.0246199064521,30.527969049532985
143.92481074504778,30.754350816624942
143.82500158364346,30.90945368979626
143.7251924222391,31.086795577870813
143.62538326083478,31.296640641573177
143.52557409943046,31.846343471489156
143.4257649380261,32.04991599252651
143.32595577662178,32.29397492531078
143.22614661521746,32.63554338497849
143.1263374538131,32.9508812116834
143.02652829240878,33.18581644604584
142.92671913100446,33.400223358959124
142.8269099696001,33.6083577292074
142.7271008081958,33.88377937531675
142.62729164679146,34.139813162279694
142.5274824853871,34.36847585397711
142.4276733239828,34.60341108833954
142.32786416257846,34.86343649336204
142.2280550011741,35.42454394630532
142.1282458397698,35.66575172333277
142.02843667836547,35.88814187236517
141.92862751696111,36.15044820199313
141.8288183555568,36.45438140567074
141.72900919415247,36.74976114207787
141.62920003274812,36.94021834663383
141.5293908713438,37.12155185276794
141.42958170993947,37.37359402167132
141.32977254853512,37.61366133639604
141.2299633871308,37.95180840915556
141.13015422572647,38.29109594421781
141.03034506432212,38.57107943953809
140.9305359029178,39.174954228833755
140.83072674151347,39.479457663662735
140.73091758010912,39.77084578201031
140.6311084187048,40.07420875453656
140.53129925730047,40.39011681239283
140.43149009589612,40.690628629162255
140.3316809344918,40.9694716621798
140.23187177308748,41.28366902658198
140.13206261168312,41.6121221697683
140.0322534502788,41.96224409670649
139.93244428887448,42.28556515953052
139.83263512747013,42.55699518758032
139.7328259660658,42.81473966799736
139.63301680466148,43.42317630650395
139.53320764325713,43.70658118873241
139.4333984818528,43.95976381993852
139.33358932044848,44.25001147598338
139.23378015904413,44.54082936317959
139.1339709976398,44.82708540116488
139.03416183623548,45.10250704727424
138.93435267483113,45.45433966766652
138.8345435134268,45.80161043884788
138.73473435202249,46.1055436425255
138.63492519061813,46.34675141955294
138.5351160292138,46.591950814639944
138.4353068678095,46.88333893298752
138.33549770640514,47.62577989206492
138.2356885450008,48.040908170258724
138.1358793835965,48.461738759966195
138.03607022219214,48.86318149052724
137.9362610607878,49.39976900396183
137.8364518993835,50.21234839465713
137.73664273797914,50.87894861060296
137.63683357657482,51.45659276693583
137.5370244151705,51.98006496388902
137.43721525376614,52.48985161320944
137.33740609236182,52.969986242658884
137.2375969309575,53.42046885223733
137.13778776955314,53.92854480810365
137.03797860814882,54.960663192074534
136.9381694467445,55.4550536003081
136.83836028534014,55.967691405385345
136.73855112393582,56.37084482940048
136.6387419625315,56.7990884240757
136.53893280112715,57.27352074201148
136.43912363972282,57.57631348338636
136.3393144783185,58.0809680523445
136.23950531691415,58.412842582439005
136.13969615550982,58.67172752515877
136.0398869941055,58.9539919450845
135.94007783270115,59.1894974105983
135.84026867129683,59.29441994244949
135.7404595098925,59.878336641447376
135.64065034848815,60.12695742344257
135.54084118708383,60.202798166574134
135.4410320256795,60.41777531063878
135.34122286427515,60.599679047924255
135.24141370287083,60.61393482670839
135.1416045414665,60.71657643395411
135.04179538006215,60.71657643395411
134.94198621865783,60.654991469606685
134.8421770572535,60.654991469606685
134.74236789584916,60.72113828316503
134.64255873444483,60.72113828316503
134.5427495730405,60.71258481589456
134.44294041163616,60.70003973056453
134.34313125023183,60.77531024254472
134.2433220888275,60.790706483631574
134.14351292742316,60.8066729558698
134.04370376601884,60.88080300554727
133.9438946046145,61.126572631785635
133.84408544321016,61.225222620971806
133.74427628180584,61.373482720326734
133.64446712040152,61.43848907158236
133.54465795899716,61.52174281968167
133.44484879759284,61.53999021652535
133.34503963618852,61.53999021652535
133.24523047478417,61.53999021652535
133.14542131337984,61.64947459758746
133.04561215197552,61.75952920980093
132.94580299057117,61.85532804323027
132.84599382916684,61.85532804323027
132.74618466776252,61.84620434480843
132.64637550635817,61.80514770191013
132.54656634495385,61.80514770191013
132.44675718354952,61.82738671681338
132.34694802214517,61.90151676649084
132.24713886074085,61.99389421301199
132.14732969933652,62.10565951867955
132.04752053793217,62.10565951867955
131.94771137652785,62.10965113673911
131.84790221512353,62.06232195117581
131.7480930537192,62.00586906719066
131.64828389231485,61.9545482635678
131.54847473091053,61.92546647484818
131.4486655695062,61.92546647484818
131.34885640810185,62.02525692633707
131.24904724669753,62.16439332727017
131.1492380852932,62.36910631061025
131.04942892388885,62.51622594766245
130.94961976248453,62.51622594766245
130.8498106010802,62.64623865017369
130.75000143967586,62.79335828722591
130.65019227827153,62.90797474865029
130.5503831168672,63.118960274655386
130.45057395546286,63.028863752739696
130.35076479405853,62.813316377523684
130.2509556326542,62.67189905198513
130.15114647124986,62.67189905198513
130.05133730984554,62.71010453912659
129.9515281484412,62.840687472789206
129.85171898703686,62.97868341141957
129.75190982563254,62.996360577111886
129.65210066422821,63.098431953206244
129.55229150282386,63.20620564081425
129.45248234141954,63.284327308551276
129.35267318001522,63.29174031351902
129.25286401861086,63.45368596050671
129.15305485720654,63.62931715512717
129.05324569580222,63.77814748563347
128.95343653439787,63.85740961567323
128.85362737299354,63.992554398546766
128.75381821158922,64.0604119055592
128.65400905018487,64.18187114079998
128.55419988878054,64.31302430561396
128.45439072737622,64.39000551104826
128.35458156597187,64.39513759141055
128.25477240456755,64.39627805371327
128.15496324316322,64.40597198328648
128.05515408175887,64.48637457562896
127.95534492035455,64.67398062442808
127.85553575895021,64.81881933687482
127.75572659754587,64.88724707503864
127.65591743614155,64.89408984885502
127.55610827473721,64.96365804932157
127.45629911333288,65.09994329449783
127.35648995192855,65.23736900197683
127.25668079052421,65.33145714195207
127.15687162911988,65.33145714195207
127.05706246771555,65.31377997625975
126.95725330631122,65.17236265072121
126.85744414490688,65.17236265072121
126.75763498350256,65.20600628865175
126.65782582209822,65.3440022272821
126.55801666069388,65.48256839706383
126.45820749928956,65.63253918987286
126.35839833788522,65.7431640332377
126.25858917648088,65.79619553031465
126.15878001507656,65.85549957005662
126.05897085367222,65.93875331815593
125.95916169226788,66.03455215158527
125.85935253086356,66.101269196295
125.75954336945922,66.16855647215608
125.65973420805489,66.25580183831495
125.55992504665056,66.31339518460283
125.46011588524622,66.3841038473721
125.36030672384189,66.48959661037465
125.26049756243756,66.60820468985858
